totem_action_error_try_download,1,function
linux_scan,1,function
totem_pl_parser_is_opml,1,function
device,1,variable
cache,1,variable
error,1,variable
XShmGetEventBase,1,variable
scan_for_video_devices,1,function
totem_pl_parser_is_asf,1,function
xml_parser_get_property,1,function
totem_pl_parser_is_atom,1,function
cd_cache_new_hal_ctx,1,function
msg,1,variable
totem,1,variable
totem_action_error,1,function
i,1,variable
totem_pl_parser_is_quicktime,1,function
totem_pl_parser_is_uri_list,1,function
cd_cache_has_medium,1,function
totem_cd_mrl_from_type,1,function
xml_parser_free_tree,1,function
xml_parser_init,1,function
totem_cd_detect_type,1,function
totem_pl_parser_is_rss,1,function
xml_parser_build_tree,1,function
