totem_pl_parser_is_asf,1,function
cache,1,variable
cd_cache_new_hal_ctx,1,function
totem_pl_parser_is_rss,1,function
totem_pl_parser_is_uri_list,1,function
device,1,variable
save_pixbuf,1,function
error,1,variable
xml_parser_get_property,1,function
xml_parser_free_tree,1,function
totem_pl_parser_is_quicktime,1,function
xml_parser_build_tree,1,function
cd_cache_has_medium,1,function
totem_pl_parser_is_opml,1,function
totem_cd_detect_type,1,function
XShmGetEventBase,1,variable
totem_pl_parser_is_atom,1,function
linux_scan,1,function
xml_parser_init,1,function
totem_cd_mrl_from_type,1,function
totem_dot_dir,1,function
scan_for_video_devices,1,function
