True,hidden3d,additon,Variable,2
