crm_ipc_default_buffer_size,1,function
get_local_node_name,1,function
send_cmd_complete_notify,1,function
strerror,1,function
daemon_option,1,function
time_diff_ms,1,function
read_output,1,function
crm_enable_blackbox,1,function
id,1,variable
request,1,variable
crm_is_callsite_active,1,function
get_node_name,1,function
process_lrmd_signon,1,function
client,1,variable
crm_disable_blackbox,1,function
crm_trigger_blackbox,1,function
op,1,variable
ipc_proxy_forward_client,1,function
name_for_cluster_type,1,function
cib_create_op,1,function
ipc_proxy_add_provider,1,function
