crm_ipc_default_buffer_size,1,function
cmd,1,variable
lrmd_dispatch,1,function
daemon_option_enabled,1,function
crm_enable_blackbox,1,function
crm_trigger_blackbox,1,function
name_for_cluster_type,1,function
op,1,variable
resources_list_agents,1,function
process_lrmd_signon,1,function
crm_ipc_buffer,1,function
time_diff_ms,1,function
get_local_node_name,1,function
get_node_name,1,function
read_output,1,function
ipc_proxy_add_provider,1,function
crm_log_filter_source,1,function
crm_priority2int,1,function
crm_is_callsite_active,1,function
cib_create_op,1,function
schedule_lrmd_cmd,1,function
timeout_left,1,variable
ipc_proxy_forward_client,1,function
cmd_reset,1,function
crm_strdup_printf,1,function
delay,1,variable
attr_name,1,variable
crm_disable_blackbox,1,function
daemon_option,1,function
strerror,1,function
