process_icmp_error,1,function
cib_create_op,1,function
cib_recv_plaintext,1,function
ping_desc,1,function
timer_expired,1,variable
cib_error2string,1,function
strerror,1,function
ping_open,1,function
node,1,variable
