output_data,1,variable
process_icmp6_error,1,function
cmsglen,1,variable
cib_send_plaintext,1,function
call_options,1,variable
process_icmp4_error,1,function
timer_expired,1,variable
delete_rsc_status,1,function
ping_open,1,function
cib_create_op,1,function
is_cman_cluster,1,function
cib_error2string,1,function
node,1,variable
data,1,variable
ping_desc,1,function
host,1,variable
delete_rsc_entry,1,function
strerror,1,function
copy_ha_msg_input,1,function
cib,1,variable
cib_recv_plaintext,1,function
