mch_write,1,function
workshop_reload_file,1,function
nb_debug,1,variable
nb_dlevel,1,variable
workshop_goto_mark,1,function
vs,1,variable
workshop_submenu_end,1,function
workshop_send_message,1,function
workshop_footer_message,1,function
ws_debug,1,variable
workshop_front_file,1,function
port,1,variable
workshop_hotkeys,1,function
workshop_balloon_delay,1,function
workshop_toolbar_begin,1,function
workshop_frame_sensitivities,1,function
workshop_add_mark_type,1,function
workshop_toolbar_end,1,function
workshop_beval_cb,1,function
workshop_minimize,1,function
workshop_save_file,1,function
workshop_quit,1,function
system,1,function
sd,1,variable
workshop_get_font_height,1,function
workshop_load_file,1,function
wsdebug,1,function
workshop_show_file,1,function
workshop_delete_mark,1,function
workshop_show_balloon_tip,1,function
wstrace,1,function
workshop_goto_line,1,function
workshop_balloon_mode,1,function
workshop_save_files,1,function
message,1,variable
workshop_get_mark_lineno,1,function
gui,1,variable
ws_dlevel,1,variable
workshop_menu_end,1,function
workshop_maximize,1,function
workshop_change_mark_type,1,function
workshop_set_mark,1,function
vimShell,1,variable
tip,1,variable
workshop_moved_marks,1,function
coloncmd,1,function
sign,1,variable
workshop_set_option,1,function
severity,1,variable
workshop_get_positions,1,function
value,1,variable
