workshop_quit,1,function
write,1,function
workshop_beval_cb,1,function
coloncmd,1,function
workshop_menu_end,1,function
verb,1,variable
severity,1,variable
name,1,variable
sd,1,variable
port,1,variable
idx,1,variable
nb_dlevel,1,variable
read,1,function
sendToVim,1,function
vs,1,variable
workshop_toolbar_end,1,function
label,1,variable
message,1,variable
markId,1,variable
nb_debug,1,variable
workshop_submenu_end,1,function
value,1,variable
on,1,variable
accText,1,variable
frameid,1,variable
ws_debug,1,variable
wstrace,1,function
workshop_front_file,1,function
workshop_get_font_height,1,function
workshop_frame_sensitivities,1,function
workshop_footer_message,1,function
workshop_send_message,1,function
hash_find,1,function
wsdebug,1,function
strerror_win32,1,function
func_remove,1,function
line,1,variable
ws_dlevel,1,variable
tip,1,variable
workshop_set_option,1,function
filename,1,variable
workshop_get_mark_lineno,1,function
workshop_moved_marks,1,function
filepos,1,variable
sign,1,variable
close,1,function
workshop_show_balloon_tip,1,function
