resolv_init,1,function
bootp_handle_reply,1,function
rfm12_trans,1,function
read_control_register,1,function
tftp_handle_packet,1,function
buf,1,variable
usart_baudrate,1,function
usart_init,1,function
newdata,1,function
lcd_clear,1,function
data,1,variable
bootload_delay,1,variable
uip_conn,1,variable
i2c_slave_core_init,1,function
resolv_periodic,1,function
chksum,1,function
lcd_print,1,function
uip_len,1,variable
stella_pwm_init,1,function
psock_readto,1,function
uip_appdata,1,variable
lcd_init,1,function
buffer,1,variable
rfm12_status,1,variable
resolv_getserver,1,function
psock_send,1,function
named_pin_init,1,function
i2c_slave_core_newdata,1,function
rfm12_txstart,1,function
uip_ip6autoconfig,1,function
resolv_conf,1,function
dyndns_query_cb,1,function
rc4_init,1,function
uip_sappdata,1,variable
init_twi,1,function
openvpn_process_out,1,function
uip_buf,1,variable
lcd_home,1,function
len,1,variable
parse_name,1,function
start,1,variable
modbus_crc_calc,1,function
rfm12_rxstart,1,function
psock_init,1,function
ntp_dns_query_cb,1,function
i2c_core_init,1,function
c,1,variable
i2c_core_periodic,1,function
bootp_send_request,1,function
resolv_lookup,1,function
resolv_query,1,function
fill_llh_and_transmit,1,function
zbus_send_data,1,function
i2c_slave_core_periodic,1,function
rc4_crypt_char,1,function
