vfs_sd_rootnode,1,variable
base64_str_decode,1,function
dc3840_capture,1,function
mcuf_spiral,1,function
resolv_query,1,function
ecmd_parse_command,1,function
partition_close,1,function
pwm_wav_init,1,function
len,1,variable
modbus_recv_timer,1,variable
clean,1,function
rfm12_setfreq,1,function
timeout,1,variable
state,1,variable
usart_init,1,function
lcd_data,1,variable
dc3840_get_data,1,function
print_ipaddr,1,function
usb_net_txstart,1,function
write_len,1,variable
newdata,1,function
router_find_stack,1,function
setPixel,1,function
stella_setValue,1,function
usb_init,1,function
vfs_sd_fat,1,variable
router_output_to,1,function
zbus_rxstart,1,function
stella_getValue,1,function
stella_loadFromEEROM,1,function
ntp_init,1,function
pam_auth,1,function
rfm12_ask_sense_start,1,function
data,1,variable
resolv_conf,1,function
resolv_newdata,1,function
stella_storeToEEROM,1,function
crc_calc,1,function
resolv_lookup,1,function
zbus_txstart,1,function
rfm12_trans,1,function
send_buffer,1,variable
output_byte,1,function
cron_use_utc,1,variable
ntp_conf,1,function
soap_initialize_context,1,function
dc3840_init,1,function
print_mac,1,function
rfm12_setbandwidth,1,function
modbus_client_state,1,variable
vfs_sd_chdir,1,function
pwm_stop,1,function
resolv_periodic,1,function
router_output,1,function
dc3840_send_command,1,function
test,1,function
debug_uart_put,1,function
i2c_pcf8574x_read,1,function
filename,1,variable
ptr,1,variable
_delay_ms,1,function
ipaddr,1,variable
key,1,variable
pos,1,variable
print_port,1,function
httpd_handle_input,1,function
start_ptr,1,variable
resolv_getserver,1,function
i2c_master_do,1,function
i2c_master_stop,1,function
i,1,variable
i2c_master_select,1,function
httpd_handle_ecmd_setup,1,function
i2c_pcf8574x_set,1,function
parse_mac,1,function
recv_len,1,variable
