dc3840_get_data,1,function
send_buffer,1,variable
flminit,1,variable
menu_pc_skip,1,function
encode_int,1,function
named_pin_by_name,1,function
soap_initialize_context,1,function
openvpn_conn,1,variable
hd44780_hw_init,1,function
i,1,variable
mcuf_clean,1,function
write_len,1,variable
freqcount_perchannel_data,1,variable
key,1,variable
offset,1,function
rfm12_ask_sense_start,1,function
sram_memtest,1,function
lsxy,1,variable
resolv_query,1,function
freqcount_moving_average,1,function
newtick,1,variable
i2c_master_do,1,function
addToRingbuffer,1,function
router_output,1,function
wa_buffer_right,1,variable
rfm12_setbandwidth,1,function
modbus_client_state,1,variable
vref,1,variable
menu_window_start,1,variable
filename,1,variable
menu_screen_clear,1,function
freqcount_init,1,function
base64_str_decode,1,function
menu_draw_border,1,function
watchasync_dns_query_cb,1,function
usbPoll,1,function
usbFunctionWrite,1,function
timer_expired,1,function
output_nibble,1,function
milliticks,1,variable
head,1,variable
output_byte,1,function
vfs_sd_fat,1,variable
dhcp_set_static,1,function
menu_checkbox,1,function
pam_auth,1,function
stella_loadFromEEROM,1,function
generate_time_string,1,function
lcd_waitForCntrlrReady,1,function
send_buf,1,variable
uip_neighbor_add,1,function
vfs_sd_mkdir_recursive,1,function
start_ptr,1,variable
data,1,variable
ptr,1,variable
recv_len,1,variable
setservo,1,function
enable,1,variable
menu_screen_flush,1,function
menu_object_datasize,1,function
encode_long,1,function
pos,1,variable
ntp_init,1,function
mcuf_spiral,1,function
parse_cmd_call,1,function
i2c_pcf8574x_read,1,function
usbFunctionRead,1,function
uip_neighbor_addr,1,function
_delay_ms,1,function
freqcount_new_result_notify,1,function
menu_new_window,1,function
lcd_data,1,variable
parse_mac,1,function
named_pin_by_pin,1,function
flags,1,variable
menu_pc_set,1,function
menu_draw_box,1,function
i2c_master_select,1,function
pwm_servo_enable,1,function
menu_subwindow_start,1,variable
lcd_writeData,1,function
modbus_crc_calc,1,function
cron_use_utc,1,variable
TempDiff,1,variable
lcd_writeCmdByte,1,function
keyPressed,1,function
menu_byte_get,1,function
i2c_pcf8574x_set,1,function
set,1,function
addcrontest,1,function
freqcount_get_duty,1,function
usb_net_txstart,1,function
stella_storeToEEROM,1,function
ntp_send_packet,1,function
menu_key_enter,1,variable
pwm_servo_enabled,1,variable
rfm12_modul,1,variable
adc_get_vref,1,function
print_mac,1,function
y,1,variable
resolv_lookup,1,function
rfm12_trans,1,function
spi_send,1,function
resolv_conf,1,function
parse_cmd_rfm12_internal,1,function
resolv_getserver,1,function
lcd_getBMPData,1,variable
getIntFromString,1,function
addr,1,variable
index,1,variable
state,1,variable
uip_check_cache,1,function
onelevel_next,1,function
menu_focus_key_prev,1,variable
sendmessage,1,function
keyDidChange,1,variable
stateD,1,variable
handle,1,variable
menu_byte_get_next,1,function
menu_focus_key_next,1,variable
openvpn_txstart,1,function
glcdmenuClearS1D13305,1,function
menu_focus,1,variable
vfs_copy_file,1,function
print_port,1,function
debug_uart_put,1,function
ecmd_parse_command,1,function
stream,1,variable
hd44780_config,1,function
usbFunctionSetup,1,function
hbridge,1,function
httpd_handle_input,1,function
send_pos,1,variable
router_find_stack,1,function
uip_neighbor_lookup,1,function
len,1,variable
selection,1,variable
i2c_master_stop,1,function
uip_ip6autoconfig,1,function
glcdmenuDrawS1D13305,1,function
lpxy,1,variable
hbridge_disable,1,function
vfs_sd_rootnode,1,variable
dest,1,variable
hid_usbFunctionSetup,1,function
menu_objects,1,variable
bootload_delay,1,variable
menu_radiobutton,1,function
vfs_sd_chdir,1,function
print_ipaddr,1,function
wa_sendstate,1,variable
dc3840_send_command,1,function
ipaddr,1,variable
resolv_periodic,1,function
modbus_rxstart,1,function
newdata,1,function
x,1,variable
pwm_stop,1,function
menu_focus_restore,1,variable
mod,1,variable
zbus_txstart,1,function
ecmd_script_autorun_done,1,variable
ntp_conf,1,function
dc3840_capture,1,function
cron_getjob,1,function
rfm12_setbaud,1,function
stateB,1,variable
glcdmenuFlushS1D13305,1,function
hd44780_clear,1,function
modbus_recv_timer,1,variable
stateC,1,variable
menu_draw_windowcontent,1,function
stateA,1,variable
usart_init,1,function
menu_screen_set,1,function
usb_text,1,variable
openvpn_process_out,1,function
partition_close,1,function
cron_insert,1,function
httpd_handle_ecmd,1,function
dc3840_init,1,function
cleanup,1,function
