mfprintf,1,function
orig,1,variable
getFormData,1,function
mprintf,1,function
last_post,1,function
base64_decode,1,function
maprintf,1,function
FormReader,1,function
name_to_level,1,function
mechs,1,variable
base64_encode,1,function
mech,1,variable
mvfprintf,1,function
FormParse,1,function
httppost,1,function
FormInit,1,function
