FormParse,1,function
mechs,1,variable
vto,1,variable
Curl_base64_encode,1,function
endpos,1,function
name_to_level,1,function
format,1,variable
Curl_base64_decode,1,function
mech,1,variable
curl_mprintf,1,function
last_post,1,function
httppost,1,function
pos,1,function
orig,1,variable
Curl_getFormData,1,function
