dump,1,function
Curl_proxyCONNECT,1,function
curl_memdebug,1,function
internalSetEnv,1,function
multi,1,variable
Curl_raw_equal,1,function
Curl_rand,1,function
polarssl_connect_step1,1,function
vms_show,1,variable
len,1,variable
conn,1,variable
Curl_base64_decode,1,function
do_file_type,1,function
curl_easy_unescape,1,function
easysrc_toohard,1,variable
easysrc_clean,1,variable
curl_multi_cleanup,1,function
easy,1,variable
curl_multi_remove_handle,1,function
af,1,variable
Curl_raw_toupper,1,function
Curl_strtok_r,1,function
easysrc_data,1,variable
multistate,1,function
variables,1,variable
isHandleAtHead,1,function
readint_le,1,function
curl_slist_free_all,1,function
main,1,function
domain,1,function
Curl_raw_nequal,1,function
inet_pton4,1,function
Curl_memrchr,1,function
Curl_inet_ntop,1,function
sockindex,1,variable
parse_filename,1,function
Curl_gethostname,1,function
warnf,1,function
cyassl_connect_step1,1,function
getpass_r,1,function
curl_slist_append,1,function
Curl_httpchunk_init,1,function
curl_free,1,function
convert_char,1,function
i,1,variable
curl_memlog,1,function
curl_getenv,1,function
sso_ntlm_initiate,1,function
inet_ntop4,1,function
vms_special_exit,1,function
filebuffer,1,variable
easysrc_decl,1,variable
easysrc_code,1,variable
now,1,variable
data,1,variable
curl_memlimit,1,function
Curl_convert_UTF8_to_wchar,1,function
Curl_inet_pton,1,function
buf,1,variable
curlx_tvnow,1,function
gethostname,1,function
fromlen,1,variable
p,1,variable
Curl_base64_encode,1,function
Curl_httpchunk_read,1,function
