ftpList,1,function
proxyUser,1,variable
xmlCopyElement,1,function
xmlDebugDumpEntities,1,function
xmlMallocLoc,1,function
xmlGenericErrorContextNodeSet,1,function
xmlXPatherror,1,function
xmlPredefinedEntities,1,variable
xmlBufferWriteChar,1,function
xmlFree,1,function
xmlRealloc,1,function
xmlXPtrNbLocChildren,1,function
xmlHTMLError,1,function
xmlMemDisplay,1,function
xmlFreeCatalogEntry,1,function
htmlSaveFile,1,function
xmlNewComment,1,function
xmlStrlen,1,function
xmlNanoFTPGet,1,function
silent,1,variable
xmlFreeRef,1,function
xmlStrncat,1,function
xmlBuildURI,1,function
xmlHashScanner,1,function
xmlGetProp,1,function
xmlHashScan,1,function
xmlXPtrRangeInsideFunction,1,function
xmlXPtrNewContext,1,function
htmlParseFile,1,function
xmlXPtrStartPointFunction,1,function
in,1,variable
xmlNodeAddContent,1,function
xmlBufferCreate,1,function
xmlXPtrNewLocationSetNodes,1,function
xmlBufferAddHead,1,function
xmlXPtrStringRangeFunction,1,function
xmlBufferCat,1,function
xmlXPathNewContext,1,function
xmlChar,1,variable
xmlBufferAdd,1,function
xmlFreeAttribute,1,function
xmlNodeListGetString,1,function
xmlHTMLValidityWarning,1,function
encoding,1,variable
xmlNewDoc,1,function
len,1,variable
ftpData,1,function
startindex,1,variable
xmlNanoFTPConnectTo,1,function
xmlShell,1,function
tmp,1,variable
xmlNewText,1,function
xmlCreatePushParserCtxt,1,function
xmlMalloc,1,function
xmlHTMLWarning,1,function
xmlCopyNodeList,1,function
xmlStringGetNodeList,1,function
xmlXPtrHereFunction,1,function
htmlNodeDumpFile,1,function
old,1,variable
xmlXPtrNewRange,1,function
xmlBufferCreateSize,1,function
htmlParseChunk,1,function
xmlXPathRegisterFunc,1,function
xmlNewCDataBlock,1,function
xmlXPtrBuildNodeList,1,function
xmlXPtrRangeToFunction,1,function
noout,1,variable
uri,1,variable
xmlNewDocText,1,function
xmlStaticCopyNode,1,function
newbuf,1,variable
xmlGetWarningsDefaultValue,1,variable
proxyPasswd,1,variable
xmlTextConcat,1,function
htmlTagLookup,1,function
xmlXPtrOriginFunction,1,function
xmlXPtrWrapLocationSet,1,function
xmlXPtrEval,1,function
xmlNanoFTPClose,1,function
xmlXPathParseNCName,1,function
xmlCopyDoc,1,function
xmlShellReadline,1,function
xmlParseURI,1,function
xmlLsOneNode,1,function
xmlXPtrEndPointFunction,1,function
end,1,variable
xmlFindCharEncodingHandler,1,function
xmlStrstr,1,function
htmlSAXParseFile,1,function
xmlNewChild,1,function
xmlNewReference,1,function
c,1,variable
xmlXPathNodeSetAdd,1,function
xmlBufferShrink,1,function
xmlSaveUri,1,function
xmlDocDump,1,function
xmlParseDoc,1,function
out,1,variable
xmlMemStrdup,1,function
parseAndPrintFile,1,function
xmlBufferFree,1,function
xmlXPathObjectCopy,1,function
xptr,1,variable
xmlMemoryDump,1,function
xmlGetDtdElementDesc,1,function
size,1,variable
xmlAddPrevSibling,1,function
xmlBufferContent,1,function
xmlNanoFTPNewCtxt,1,function
xmlXPathFreeParserContext,1,function
xmlSprintfElementContent,1,function
inputPop,1,function
xmlXPathRegisterNs,1,function
xmlNanoFTPConnect,1,function
content,1,variable
xmlHashFree,1,function
xmlCopyNode,1,function
xmlURIEscape,1,function
xmlEncodeEntitiesReentrant,1,function
xmlXPathRoot,1,function
xmlDefaultCatalog,1,variable
xmlFreeRefList,1,function
xmlLsCountNode,1,function
xmlStrncmp,1,function
xmlXPathNodeCollectAndTest,1,function
sax,1,variable
xmlParseCharEncoding,1,function
xmlDebugDumpOneNode,1,function
xmlCleanupParser,1,function
xmlAddChild,1,function
xmlNewPI,1,function
xmlValidateCheckRefCallback,1,function
xmlXPtrRangeFunction,1,function
xmlDumpNotationDecl,1,function
xmlXPathNodeSetMerge,1,function
xmlWalkValidateList,1,function
xmlXPathIdFunction,1,function
xmlXPathFreeValueTree,1,function
xmlReallocLoc,1,function
xmlStrcat,1,function
xmlXPtrAdvanceChar,1,function
xmlNanoFTPInit,1,function
xmlSetCompressMode,1,function
xmlDebugDumpDocument,1,function
parent,1,variable
xmlGenericErrorContext,1,variable
start,1,variable
xmlXPathNAN,1,variable
xmlCatalogEntry,1,variable
xmlFreeNodeList,1,function
xmlNewNode,1,function
endindex,1,variable
xmlXPtrMatchString,1,function
htmlCreatePushParserCtxt,1,function
static_buffer,1,variable
xmlAddNextSibling,1,function
debugmem_tag_error,1,function
xmlXPathNewBoolean,1,function
cur,1,variable
xmlXIncludeCtxt,1,variable
xmlShellCtxt,1,function
xmlXPathNewNodeSet,1,function
xmlEncodeEntities,1,function
xmlXPathNewParserContext,1,function
xmlFreeElement,1,function
xmlNanoFTPList,1,function
valuePop,1,function
xmlBufferSetAllocationScheme,1,function
node,1,variable
xmlXPathParseName,1,function
xmlCopyAttribute,1,function
xmlEncodeSpecialChars,1,function
buf,1,variable
xmlStrchr,1,function
pos,1,variable
ptr,1,variable
xmlStrndup,1,function
xmlXPathCmpNodes,1,function
xmlIsBlankNode,1,function
xmlHashLookup,1,function
proxy,1,variable
xmlXPathFreeContext,1,function
htmlGetMetaEncoding,1,function
xmlDumpAttributeDecl,1,function
xmlHTMLValidityError,1,function
xmlScanAttributeDeclCallback,1,function
htmlDefaultSAXHandlerInit,1,function
xmlCatalogDumpEntry,1,function
xmlNodeGetBase,1,function
xmlXPathNewString,1,function
xmlXPathNewCString,1,function
xmlValidateAttributeIdCallback,1,function
xmlNewProp,1,function
xmlXPathWrapNodeSet,1,function
buffer,1,variable
xmlXPathEvalExpr,1,function
xmlParseChunk,1,function
xmlXPathFreeNodeSet,1,function
htmlFreeParserCtxt,1,function
xmlLinkGetData,1,function
xmlDocGetRootElement,1,function
xmlBufferWriteCHAR,1,function
htmlIsAutoClosed,1,function
xmlNodeSetContent,1,function
static_buffer_size,1,variable
xmlUnlinkNode,1,function
xmlSaveFile,1,function
xmlHashAddEntry,1,function
xmlFreeNotation,1,function
xmlValidateAttributeCallback,1,function
buffer_size,1,variable
xmlCreateFileParserCtxt,1,function
xmlDebugDumpString,1,function
xmlXPathNodeSetCreate,1,function
xmlStrdup,1,function
xmlParseFile,1,function
xmlDebugDumpNode,1,function
xmlXPtrGetLastChar,1,function
xmlNewDtd,1,function
htmlDocDump,1,function
xmlBufferDump,1,function
xmlXPathEval,1,function
xmlGetBufferAllocationScheme,1,function
xmlGetNsProp,1,function
xmlXPathEvaluatePredicateResult,1,function
xmlFreeID,1,function
xmlDumpElementDecl,1,function
xmlXPathNodeSetSort,1,function
xmlXPathFreeObject,1,function
xmlBufferLength,1,function
xmlRecoverFile,1,function
valuePush,1,function
ctxt,1,variable
xmlHashCreate,1,function
handlers,1,variable
xmlXPathNewFloat,1,function
input,1,variable
xmlWalkRemoveRef,1,function
xmlBufferWriteQuotedString,1,function
xmlCopyNotation,1,function
