Curl_base64_decode,1,function
Curl_FormReader,1,function
Curl_base64_encode,1,function
endpos,1,variable
FormParse,1,function
suck,1,function
vto,1,variable
mechs,1,variable
orig,1,variable
curl_memdebug,1,function
Curl_cookie_add,1,function
name_to_level,1,function
format,1,variable
Curl_cookie_init,1,function
Curl_strtok_r,1,function
curl_mprintf,1,function
Curl_getFormData,1,function
Curl_cookie_cleanup,1,function
curl_mfprintf,1,function
mech,1,variable
Curl_FormInit,1,function
