vms_special_exit,1,function
curlx_tvnow,1,function
easysrc_data,1,variable
curl_multi_cleanup,1,function
vms_show,1,variable
ptr,1,variable
conn,1,variable
internalSetEnv,1,function
Curl_infof,1,function
multistate,1,function
gethostname,1,function
curl_memlog,1,function
data_sec,1,variable
tftp_connect_for_tx,1,function
len,1,variable
Curl_sendf,1,function
curl_free,1,function
statename,1,variable
i,1,variable
curl_multi_remove_handle,1,function
curl_easy_unescape,1,function
Curl_debug,1,function
fromlen,1,variable
inet_ntop4,1,function
sso_ntlm_initiate,1,function
Curl_client_write,1,function
Curl_convert_UTF8_to_wchar,1,function
Curl_inet_ntop,1,function
easy,1,variable
Curl_raw_nequal,1,function
Curl_httpchunk_init,1,function
Curl_base64_decode,1,function
data,1,variable
domain,1,function
getpass_r,1,function
Curl_rand,1,function
filebuffer,1,variable
Curl_failf,1,function
af,1,variable
dump,1,function
Curl_proxyCONNECT,1,function
Curl_inet_pton,1,function
level_names,1,variable
Curl_read_plain,1,function
easysrc_clean,1,variable
do_file_type,1,function
isHandleAtHead,1,function
Curl_base64_encode,1,function
Curl_strtok_r,1,function
easysrc_toohard,1,variable
curl_slist_append,1,function
main,1,function
readint_le,1,function
curl_memlimit,1,function
inet_pton4,1,function
convert_char,1,function
curl_getenv,1,function
mstate,1,function
table16,1,variable
curl_slist_free_all,1,function
easysrc_code,1,variable
easysrc_decl,1,variable
size,1,variable
parse_filename,1,function
p,1,variable
Curl_memrchr,1,function
Curl_raw_toupper,1,function
prot,1,variable
Curl_httpchunk_read,1,function
curl_memdebug,1,function
warnf,1,function
Curl_write,1,function
Curl_raw_equal,1,function
buf,1,variable
