Curl_output_basic,1,function
Curl_infof,1,function
curl_share_cleanup,1,function
timer,1,variable
Curl_input_digest,1,function
curl_easy_init,1,function
Curl_cookie_cleanup,1,function
Curl_failf,1,function
Curl_base64_encode,1,function
multistate,1,function
convbuf,1,variable
checkheaders,1,function
curl_easy_unescape,1,function
use_ipv6,1,variable
rand_enough,1,function
Curl_output_basic_proxy,1,function
curl_socket,1,function
curl_getenv,1,function
unlock,1,function
gettimeofday,1,function
Curl_strtok_r,1,function
MD5_Init,1,function
size,1,variable
Curl_inet_pton,1,function
Curl_hash_pick,1,function
Curl_free_ssl_config,1,function
MD5_Final,1,function
init,1,function
statename,1,variable
curl_memdebug,1,function
Curl_inet_ntop,1,function
timerpause,1,variable
conn,1,variable
http_auth_headers,1,function
lock,1,function
Curl_cookie_init,1,function
share,1,variable
inet_pton4,1,function
gmt,1,variable
Curl_base64_decode,1,function
Curl_http_connect,1,function
curl_multi_cleanup,1,function
Curl_http_auth,1,function
curl_multi_add_handle,1,function
data,1,variable
Curl_output_digest,1,function
Curl_sendf,1,function
suck,1,function
Curl_output_negotiate,1,function
curl_multi_remove_handle,1,function
mksock,1,function
Curl_clone_ssl_config,1,function
cont,1,variable
curl_free,1,function
inet_ntop4,1,function
MD5_Update,1,function
Curl_client_write,1,function
curl_slist_append,1,function
easy,1,variable
Curl_ssl_config_matches,1,function
curl_share_setopt,1,function
in6addr_any,1,variable
