True,crm_strdup_printf,exclusion,Function,2
True,client,exclusion,Variable,2
True,msg,exclusion,Variable,2
True,request,exclusion,Variable,2
True,id,exclusion,Variable,2
