def(PS2_SUPPORT),(def(USB_HID_KEYBOARD_STATIC_SUPPORT)&def(USB_KEYBOARD_SUPPORT))
def(LCD_DRAWBITMAP_USED),True
(def(CONF_WATCHASYNC_PB1)&(!def(CONF_WATCHASYNC_PA)|def(CONF_WATCHASYNC_EDGDETECTVIAPOLLING))&((def(CONF_WATCHASYNC_PA)&!def(CONF_WATCHASYNC_EDGDETECTVIAPOLLING))|(def(CONF_WATCHASYNC_PB)&!def(CONF_WATCHASYNC_EDGDETECTVIAPOLLING))|((!def(CONF_WATCHASYNC_PB)|def(CONF_WATCHASYNC_EDGDETECTVIAPOLLING))&(!def(CONF_WATCHASYNC_PA)|def(CONF_WATCHASYNC_EDGDETECTVIAPOLLING))&def(CONF_WATCHASYNC_PC)&!def(CONF_WATCHASYNC_EDGDETECTVIAPOLLING)))&def(CONF_WATCHASYNC_PB)&((def(CONF_WATCHASYNC_PC)&!def(CONF_WATCHASYNC_EDGDETECTVIAPOLLING))|(def(CONF_WATCHASYNC_PD)&!def(CONF_WATCHASYNC_EDGDETECTVIAPOLLING))|(def(CONF_WATCHASYNC_PB)&!def(CONF_WATCHASYNC_EDGDETECTVIAPOLLING))|(def(CONF_WATCHASYNC_PA)&!def(CONF_WATCHASYNC_EDGDETECTVIAPOLLING)))&!def(CONF_WATCHASYNC_EDGDETECTVIAPOLLING)),True
(def(USB_HID_KEYBOARD_STATIC_SUPPORT)&def(USB_KEYBOARD_SUPPORT)),def(USB_KEYBOARD_SUPPORT)
def(DC3840_BLACK_WHITE),True
(def(ROUTER_SUPPORT)&def(USB_NET_SUPPORT)),def(USB_NET_SUPPORT)
((!def(CONF_WATCHASYNC_PA)|def(CONF_WATCHASYNC_EDGDETECTVIAPOLLING))&def(CONF_WATCHASYNC_PB0)&((def(CONF_WATCHASYNC_PA)&!def(CONF_WATCHASYNC_EDGDETECTVIAPOLLING))|(def(CONF_WATCHASYNC_PB)&!def(CONF_WATCHASYNC_EDGDETECTVIAPOLLING))|((!def(CONF_WATCHASYNC_PB)|def(CONF_WATCHASYNC_EDGDETECTVIAPOLLING))&(!def(CONF_WATCHASYNC_PA)|def(CONF_WATCHASYNC_EDGDETECTVIAPOLLING))&def(CONF_WATCHASYNC_PC)&!def(CONF_WATCHASYNC_EDGDETECTVIAPOLLING)))&def(CONF_WATCHASYNC_PB)&((def(CONF_WATCHASYNC_PC)&!def(CONF_WATCHASYNC_EDGDETECTVIAPOLLING))|(def(CONF_WATCHASYNC_PD)&!def(CONF_WATCHASYNC_EDGDETECTVIAPOLLING))|(def(CONF_WATCHASYNC_PB)&!def(CONF_WATCHASYNC_EDGDETECTVIAPOLLING))|(def(CONF_WATCHASYNC_PA)&!def(CONF_WATCHASYNC_EDGDETECTVIAPOLLING)))&!def(CONF_WATCHASYNC_EDGDETECTVIAPOLLING)),True
!def(DEBUG_USE_SYSLOG),def(PS2_SUPPORT)
((!def(CONF_WATCHASYNC_PA)|def(CONF_WATCHASYNC_EDGDETECTVIAPOLLING))&((def(CONF_WATCHASYNC_PA)&!def(CONF_WATCHASYNC_EDGDETECTVIAPOLLING))|(def(CONF_WATCHASYNC_PB)&!def(CONF_WATCHASYNC_EDGDETECTVIAPOLLING))|((!def(CONF_WATCHASYNC_PB)|def(CONF_WATCHASYNC_EDGDETECTVIAPOLLING))&(!def(CONF_WATCHASYNC_PA)|def(CONF_WATCHASYNC_EDGDETECTVIAPOLLING))&def(CONF_WATCHASYNC_PC)&!def(CONF_WATCHASYNC_EDGDETECTVIAPOLLING)))&def(CONF_WATCHASYNC_PB)&((def(CONF_WATCHASYNC_PC)&!def(CONF_WATCHASYNC_EDGDETECTVIAPOLLING))|(def(CONF_WATCHASYNC_PD)&!def(CONF_WATCHASYNC_EDGDETECTVIAPOLLING))|(def(CONF_WATCHASYNC_PB)&!def(CONF_WATCHASYNC_EDGDETECTVIAPOLLING))|(def(CONF_WATCHASYNC_PA)&!def(CONF_WATCHASYNC_EDGDETECTVIAPOLLING)))&def(CONF_WATCHASYNC_PB2)&!def(CONF_WATCHASYNC_EDGDETECTVIAPOLLING)),True
((!def(CONF_WATCHASYNC_PA)|def(CONF_WATCHASYNC_EDGDETECTVIAPOLLING))&((def(CONF_WATCHASYNC_PA)&!def(CONF_WATCHASYNC_EDGDETECTVIAPOLLING))|(def(CONF_WATCHASYNC_PB)&!def(CONF_WATCHASYNC_EDGDETECTVIAPOLLING))|((!def(CONF_WATCHASYNC_PB)|def(CONF_WATCHASYNC_EDGDETECTVIAPOLLING))&(!def(CONF_WATCHASYNC_PA)|def(CONF_WATCHASYNC_EDGDETECTVIAPOLLING))&def(CONF_WATCHASYNC_PC)&!def(CONF_WATCHASYNC_EDGDETECTVIAPOLLING)))&def(CONF_WATCHASYNC_PB3)&def(CONF_WATCHASYNC_PB)&((def(CONF_WATCHASYNC_PC)&!def(CONF_WATCHASYNC_EDGDETECTVIAPOLLING))|(def(CONF_WATCHASYNC_PD)&!def(CONF_WATCHASYNC_EDGDETECTVIAPOLLING))|(def(CONF_WATCHASYNC_PB)&!def(CONF_WATCHASYNC_EDGDETECTVIAPOLLING))|(def(CONF_WATCHASYNC_PA)&!def(CONF_WATCHASYNC_EDGDETECTVIAPOLLING)))&!def(CONF_WATCHASYNC_EDGDETECTVIAPOLLING)),True
def(HD44780_MULTIENSUPPORT),True
!def(HD44780_MULTIENSUPPORT),True
(def(LARGESCREEN)&def(DEBUG)),True
True,def(I2C_PCF8574X_SUPPORT)
def(ECMD_PARSER_SUPPORT),True
True,!def(TEENSY_SUPPORT)
(!def(CONF_WATCHASYNC_EDGDETECTVIAPOLLING)&((def(CONF_WATCHASYNC_PC)&!def(CONF_WATCHASYNC_EDGDETECTVIAPOLLING))|(def(CONF_WATCHASYNC_PD)&!def(CONF_WATCHASYNC_EDGDETECTVIAPOLLING))|(def(CONF_WATCHASYNC_PB)&!def(CONF_WATCHASYNC_EDGDETECTVIAPOLLING))|(def(CONF_WATCHASYNC_PA)&!def(CONF_WATCHASYNC_EDGDETECTVIAPOLLING)))&((def(CONF_WATCHASYNC_PA)&!def(CONF_WATCHASYNC_EDGDETECTVIAPOLLING))|(def(CONF_WATCHASYNC_PB)&!def(CONF_WATCHASYNC_EDGDETECTVIAPOLLING))|((!def(CONF_WATCHASYNC_PB)|def(CONF_WATCHASYNC_EDGDETECTVIAPOLLING))&(!def(CONF_WATCHASYNC_PA)|def(CONF_WATCHASYNC_EDGDETECTVIAPOLLING))&def(CONF_WATCHASYNC_PC)&!def(CONF_WATCHASYNC_EDGDETECTVIAPOLLING)))&def(CONF_WATCHASYNC_PD)),def(CONF_WATCHASYNC_PD)
(((def(CONF_WATCHASYNC_PA)&!def(CONF_WATCHASYNC_EDGDETECTVIAPOLLING))|(def(CONF_WATCHASYNC_PB)&!def(CONF_WATCHASYNC_EDGDETECTVIAPOLLING))|!def(CONF_WATCHASYNC_PC)|def(CONF_WATCHASYNC_EDGDETECTVIAPOLLING))&(!def(CONF_WATCHASYNC_PA)|def(CONF_WATCHASYNC_EDGDETECTVIAPOLLING))&(!def(CONF_WATCHASYNC_PC)|def(CONF_WATCHASYNC_EDGDETECTVIAPOLLING))&def(CONF_WATCHASYNC_PD)&(!def(CONF_WATCHASYNC_PB)|def(CONF_WATCHASYNC_EDGDETECTVIAPOLLING))&def(CONF_WATCHASYNC_PD0)&((def(CONF_WATCHASYNC_PC)&!def(CONF_WATCHASYNC_EDGDETECTVIAPOLLING))|(def(CONF_WATCHASYNC_PD)&!def(CONF_WATCHASYNC_EDGDETECTVIAPOLLING))|(def(CONF_WATCHASYNC_PB)&!def(CONF_WATCHASYNC_EDGDETECTVIAPOLLING))|(def(CONF_WATCHASYNC_PA)&!def(CONF_WATCHASYNC_EDGDETECTVIAPOLLING)))&!def(CONF_WATCHASYNC_EDGDETECTVIAPOLLING)),True
(def(CONF_WATCHASYNC_PA)&def(CONF_WATCHASYNC_PB7)&((def(CONF_WATCHASYNC_PA)&!def(CONF_WATCHASYNC_EDGDETECTVIAPOLLING))|(def(CONF_WATCHASYNC_PB)&!def(CONF_WATCHASYNC_EDGDETECTVIAPOLLING))|((!def(CONF_WATCHASYNC_PB)|def(CONF_WATCHASYNC_EDGDETECTVIAPOLLING))&(!def(CONF_WATCHASYNC_PA)|def(CONF_WATCHASYNC_EDGDETECTVIAPOLLING))&def(CONF_WATCHASYNC_PC)&!def(CONF_WATCHASYNC_EDGDETECTVIAPOLLING)))&((def(CONF_WATCHASYNC_PA)&!def(CONF_WATCHASYNC_EDGDETECTVIAPOLLING))|(def(CONF_WATCHASYNC_PB)&!def(CONF_WATCHASYNC_EDGDETECTVIAPOLLING)))&def(CONF_WATCHASYNC_PB)&((def(CONF_WATCHASYNC_PC)&!def(CONF_WATCHASYNC_EDGDETECTVIAPOLLING))|(def(CONF_WATCHASYNC_PD)&!def(CONF_WATCHASYNC_EDGDETECTVIAPOLLING))|(def(CONF_WATCHASYNC_PB)&!def(CONF_WATCHASYNC_EDGDETECTVIAPOLLING))|(def(CONF_WATCHASYNC_PA)&!def(CONF_WATCHASYNC_EDGDETECTVIAPOLLING)))&!def(CONF_WATCHASYNC_EDGDETECTVIAPOLLING)),True
def(DNS_SUPPORT),!def(CONF_WATCHASYNC_SUMMARIZE)
!def(SOFT_SPI_SUPPORT),True
True,def(ROUTER_SUPPORT)
!def(DNS_SUPPORT),True
True,!def(MDNS_SD_SUPPORT)
!def(DEBUG),(def(LARGESCREEN)&def(DEBUG))
(((def(CONF_WATCHASYNC_PA)&!def(CONF_WATCHASYNC_EDGDETECTVIAPOLLING))|(def(CONF_WATCHASYNC_PB)&!def(CONF_WATCHASYNC_EDGDETECTVIAPOLLING))|!def(CONF_WATCHASYNC_PC)|def(CONF_WATCHASYNC_EDGDETECTVIAPOLLING))&(!def(CONF_WATCHASYNC_PA)|def(CONF_WATCHASYNC_EDGDETECTVIAPOLLING))&(!def(CONF_WATCHASYNC_PC)|def(CONF_WATCHASYNC_EDGDETECTVIAPOLLING))&def(CONF_WATCHASYNC_PD1)&def(CONF_WATCHASYNC_PD)&(!def(CONF_WATCHASYNC_PB)|def(CONF_WATCHASYNC_EDGDETECTVIAPOLLING))&((def(CONF_WATCHASYNC_PC)&!def(CONF_WATCHASYNC_EDGDETECTVIAPOLLING))|(def(CONF_WATCHASYNC_PD)&!def(CONF_WATCHASYNC_EDGDETECTVIAPOLLING))|(def(CONF_WATCHASYNC_PB)&!def(CONF_WATCHASYNC_EDGDETECTVIAPOLLING))|(def(CONF_WATCHASYNC_PA)&!def(CONF_WATCHASYNC_EDGDETECTVIAPOLLING)))&!def(CONF_WATCHASYNC_EDGDETECTVIAPOLLING)),True
(def(USB_HID_KEYBOARD_SEQUENCE_SUPPORT)&def(USB_KEYBOARD_SUPPORT)),(def(USB_HID_KEYBOARD_STATIC_SUPPORT)&def(USB_KEYBOARD_SUPPORT))
(def(RFM12_ASK_SENSING_SUPPORT)&def(RFM12_ASK_EXTERNAL_FILTER_SUPPORT)),True
((!def(CONF_WATCHASYNC_PA)|def(CONF_WATCHASYNC_EDGDETECTVIAPOLLING))&(!def(CONF_WATCHASYNC_PB)|def(CONF_WATCHASYNC_EDGDETECTVIAPOLLING))&((def(CONF_WATCHASYNC_PA)&!def(CONF_WATCHASYNC_EDGDETECTVIAPOLLING))|(def(CONF_WATCHASYNC_PB)&!def(CONF_WATCHASYNC_EDGDETECTVIAPOLLING))|((!def(CONF_WATCHASYNC_PB)|def(CONF_WATCHASYNC_EDGDETECTVIAPOLLING))&(!def(CONF_WATCHASYNC_PA)|def(CONF_WATCHASYNC_EDGDETECTVIAPOLLING))&def(CONF_WATCHASYNC_PC)&!def(CONF_WATCHASYNC_EDGDETECTVIAPOLLING)))&((def(CONF_WATCHASYNC_PC)&!def(CONF_WATCHASYNC_EDGDETECTVIAPOLLING))|(def(CONF_WATCHASYNC_PD)&!def(CONF_WATCHASYNC_EDGDETECTVIAPOLLING))|(def(CONF_WATCHASYNC_PB)&!def(CONF_WATCHASYNC_EDGDETECTVIAPOLLING))|(def(CONF_WATCHASYNC_PA)&!def(CONF_WATCHASYNC_EDGDETECTVIAPOLLING)))&!def(CONF_WATCHASYNC_EDGDETECTVIAPOLLING)),def(CONF_WATCHASYNC_PC)
def(ETHERNET_SUPPORT),!def(IPV6_STATIC_SUPPORT)
(def(CONF_WATCHASYNC_PA)&def(CONF_WATCHASYNC_PA6)&((def(CONF_WATCHASYNC_PA)&!def(CONF_WATCHASYNC_EDGDETECTVIAPOLLING))|(def(CONF_WATCHASYNC_PB)&!def(CONF_WATCHASYNC_EDGDETECTVIAPOLLING))|((!def(CONF_WATCHASYNC_PB)|def(CONF_WATCHASYNC_EDGDETECTVIAPOLLING))&(!def(CONF_WATCHASYNC_PA)|def(CONF_WATCHASYNC_EDGDETECTVIAPOLLING))&def(CONF_WATCHASYNC_PC)&!def(CONF_WATCHASYNC_EDGDETECTVIAPOLLING)))&((def(CONF_WATCHASYNC_PA)&!def(CONF_WATCHASYNC_EDGDETECTVIAPOLLING))|(def(CONF_WATCHASYNC_PB)&!def(CONF_WATCHASYNC_EDGDETECTVIAPOLLING)))&((def(CONF_WATCHASYNC_PC)&!def(CONF_WATCHASYNC_EDGDETECTVIAPOLLING))|(def(CONF_WATCHASYNC_PD)&!def(CONF_WATCHASYNC_EDGDETECTVIAPOLLING))|(def(CONF_WATCHASYNC_PB)&!def(CONF_WATCHASYNC_EDGDETECTVIAPOLLING))|(def(CONF_WATCHASYNC_PA)&!def(CONF_WATCHASYNC_EDGDETECTVIAPOLLING)))&!def(CONF_WATCHASYNC_EDGDETECTVIAPOLLING)),True
(def(CONF_WATCHASYNC_PA)&def(CONF_WATCHASYNC_PB5)&((def(CONF_WATCHASYNC_PA)&!def(CONF_WATCHASYNC_EDGDETECTVIAPOLLING))|(def(CONF_WATCHASYNC_PB)&!def(CONF_WATCHASYNC_EDGDETECTVIAPOLLING))|((!def(CONF_WATCHASYNC_PB)|def(CONF_WATCHASYNC_EDGDETECTVIAPOLLING))&(!def(CONF_WATCHASYNC_PA)|def(CONF_WATCHASYNC_EDGDETECTVIAPOLLING))&def(CONF_WATCHASYNC_PC)&!def(CONF_WATCHASYNC_EDGDETECTVIAPOLLING)))&((def(CONF_WATCHASYNC_PA)&!def(CONF_WATCHASYNC_EDGDETECTVIAPOLLING))|(def(CONF_WATCHASYNC_PB)&!def(CONF_WATCHASYNC_EDGDETECTVIAPOLLING)))&def(CONF_WATCHASYNC_PB)&((def(CONF_WATCHASYNC_PC)&!def(CONF_WATCHASYNC_EDGDETECTVIAPOLLING))|(def(CONF_WATCHASYNC_PD)&!def(CONF_WATCHASYNC_EDGDETECTVIAPOLLING))|(def(CONF_WATCHASYNC_PB)&!def(CONF_WATCHASYNC_EDGDETECTVIAPOLLING))|(def(CONF_WATCHASYNC_PA)&!def(CONF_WATCHASYNC_EDGDETECTVIAPOLLING)))&!def(CONF_WATCHASYNC_EDGDETECTVIAPOLLING)),True
!def(DEBUG),True
def(ECMD_PAM_SUPPORT),True
(def(CONF_WATCHASYNC_PC3)&(!def(CONF_WATCHASYNC_PA)|def(CONF_WATCHASYNC_EDGDETECTVIAPOLLING))&(!def(CONF_WATCHASYNC_PB)|def(CONF_WATCHASYNC_EDGDETECTVIAPOLLING))&((def(CONF_WATCHASYNC_PA)&!def(CONF_WATCHASYNC_EDGDETECTVIAPOLLING))|(def(CONF_WATCHASYNC_PB)&!def(CONF_WATCHASYNC_EDGDETECTVIAPOLLING))|((!def(CONF_WATCHASYNC_PB)|def(CONF_WATCHASYNC_EDGDETECTVIAPOLLING))&(!def(CONF_WATCHASYNC_PA)|def(CONF_WATCHASYNC_EDGDETECTVIAPOLLING))&def(CONF_WATCHASYNC_PC)&!def(CONF_WATCHASYNC_EDGDETECTVIAPOLLING)))&def(CONF_WATCHASYNC_PC)&((def(CONF_WATCHASYNC_PC)&!def(CONF_WATCHASYNC_EDGDETECTVIAPOLLING))|(def(CONF_WATCHASYNC_PD)&!def(CONF_WATCHASYNC_EDGDETECTVIAPOLLING))|(def(CONF_WATCHASYNC_PB)&!def(CONF_WATCHASYNC_EDGDETECTVIAPOLLING))|(def(CONF_WATCHASYNC_PA)&!def(CONF_WATCHASYNC_EDGDETECTVIAPOLLING)))&!def(CONF_WATCHASYNC_EDGDETECTVIAPOLLING)),True
def(DNS_SUPPORT),(def(DNS_SUPPORT)&((!def(CONF_WATCHASYNC_EDGDETECTVIAPOLLING)&((def(CONF_WATCHASYNC_PC)&!def(CONF_WATCHASYNC_EDGDETECTVIAPOLLING))|(def(CONF_WATCHASYNC_PD)&!def(CONF_WATCHASYNC_EDGDETECTVIAPOLLING))|(def(CONF_WATCHASYNC_PB)&!def(CONF_WATCHASYNC_EDGDETECTVIAPOLLING))|(def(CONF_WATCHASYNC_PA)&!def(CONF_WATCHASYNC_EDGDETECTVIAPOLLING))))|((!def(CONF_WATCHASYNC_PA)|def(CONF_WATCHASYNC_EDGDETECTVIAPOLLING))&(!def(CONF_WATCHASYNC_PC)|def(CONF_WATCHASYNC_EDGDETECTVIAPOLLING))&(!def(CONF_WATCHASYNC_PB)|def(CONF_WATCHASYNC_EDGDETECTVIAPOLLING))&(!def(CONF_WATCHASYNC_PD)|def(CONF_WATCHASYNC_EDGDETECTVIAPOLLING))&!def(CONF_WATCHASYNC_EDGDETECTVIAPOLLING))))
!def(DC3840_BLACK_WHITE),True
def(ETHERNET_SUPPORT),True
def(USB_MOUSE_SUPPORT),def(PS2_SUPPORT)
(def(CONF_WATCHASYNC_PD4)&((def(CONF_WATCHASYNC_PA)&!def(CONF_WATCHASYNC_EDGDETECTVIAPOLLING))|(def(CONF_WATCHASYNC_PB)&!def(CONF_WATCHASYNC_EDGDETECTVIAPOLLING))|!def(CONF_WATCHASYNC_PC)|def(CONF_WATCHASYNC_EDGDETECTVIAPOLLING))&(!def(CONF_WATCHASYNC_PA)|def(CONF_WATCHASYNC_EDGDETECTVIAPOLLING))&(!def(CONF_WATCHASYNC_PC)|def(CONF_WATCHASYNC_EDGDETECTVIAPOLLING))&def(CONF_WATCHASYNC_PD)&(!def(CONF_WATCHASYNC_PB)|def(CONF_WATCHASYNC_EDGDETECTVIAPOLLING))&((def(CONF_WATCHASYNC_PC)&!def(CONF_WATCHASYNC_EDGDETECTVIAPOLLING))|(def(CONF_WATCHASYNC_PD)&!def(CONF_WATCHASYNC_EDGDETECTVIAPOLLING))|(def(CONF_WATCHASYNC_PB)&!def(CONF_WATCHASYNC_EDGDETECTVIAPOLLING))|(def(CONF_WATCHASYNC_PA)&!def(CONF_WATCHASYNC_EDGDETECTVIAPOLLING)))&!def(CONF_WATCHASYNC_EDGDETECTVIAPOLLING)),True
True,def(LARGESCREEN)
(def(USB_MOUSE_SEQUENCE_SUPPORT)&def(USB_MOUSE_SUPPORT)),def(USB_MOUSE_SUPPORT)
def(CONF_WATCHASYNC_PA),(def(CONF_WATCHASYNC_PA)&((def(CONF_WATCHASYNC_PA)&!def(CONF_WATCHASYNC_EDGDETECTVIAPOLLING))|(def(CONF_WATCHASYNC_PB)&!def(CONF_WATCHASYNC_EDGDETECTVIAPOLLING))|((!def(CONF_WATCHASYNC_PB)|def(CONF_WATCHASYNC_EDGDETECTVIAPOLLING))&(!def(CONF_WATCHASYNC_PA)|def(CONF_WATCHASYNC_EDGDETECTVIAPOLLING))&def(CONF_WATCHASYNC_PC)&!def(CONF_WATCHASYNC_EDGDETECTVIAPOLLING)))&((def(CONF_WATCHASYNC_PA)&!def(CONF_WATCHASYNC_EDGDETECTVIAPOLLING))|(def(CONF_WATCHASYNC_PB)&!def(CONF_WATCHASYNC_EDGDETECTVIAPOLLING)))&((def(CONF_WATCHASYNC_PC)&!def(CONF_WATCHASYNC_EDGDETECTVIAPOLLING))|(def(CONF_WATCHASYNC_PD)&!def(CONF_WATCHASYNC_EDGDETECTVIAPOLLING))|(def(CONF_WATCHASYNC_PB)&!def(CONF_WATCHASYNC_EDGDETECTVIAPOLLING))|(def(CONF_WATCHASYNC_PA)&!def(CONF_WATCHASYNC_EDGDETECTVIAPOLLING)))&!def(CONF_WATCHASYNC_EDGDETECTVIAPOLLING))
True,def(ETHERNET_SUPPORT)
(def(CONF_WATCHASYNC_PC1)&(!def(CONF_WATCHASYNC_PA)|def(CONF_WATCHASYNC_EDGDETECTVIAPOLLING))&(!def(CONF_WATCHASYNC_PB)|def(CONF_WATCHASYNC_EDGDETECTVIAPOLLING))&((def(CONF_WATCHASYNC_PA)&!def(CONF_WATCHASYNC_EDGDETECTVIAPOLLING))|(def(CONF_WATCHASYNC_PB)&!def(CONF_WATCHASYNC_EDGDETECTVIAPOLLING))|((!def(CONF_WATCHASYNC_PB)|def(CONF_WATCHASYNC_EDGDETECTVIAPOLLING))&(!def(CONF_WATCHASYNC_PA)|def(CONF_WATCHASYNC_EDGDETECTVIAPOLLING))&def(CONF_WATCHASYNC_PC)&!def(CONF_WATCHASYNC_EDGDETECTVIAPOLLING)))&def(CONF_WATCHASYNC_PC)&((def(CONF_WATCHASYNC_PC)&!def(CONF_WATCHASYNC_EDGDETECTVIAPOLLING))|(def(CONF_WATCHASYNC_PD)&!def(CONF_WATCHASYNC_EDGDETECTVIAPOLLING))|(def(CONF_WATCHASYNC_PB)&!def(CONF_WATCHASYNC_EDGDETECTVIAPOLLING))|(def(CONF_WATCHASYNC_PA)&!def(CONF_WATCHASYNC_EDGDETECTVIAPOLLING)))&!def(CONF_WATCHASYNC_EDGDETECTVIAPOLLING)),True
def(CONF_WATCHASYNC_PB),((!def(CONF_WATCHASYNC_PA)|def(CONF_WATCHASYNC_EDGDETECTVIAPOLLING))&((def(CONF_WATCHASYNC_PA)&!def(CONF_WATCHASYNC_EDGDETECTVIAPOLLING))|(def(CONF_WATCHASYNC_PB)&!def(CONF_WATCHASYNC_EDGDETECTVIAPOLLING))|((!def(CONF_WATCHASYNC_PB)|def(CONF_WATCHASYNC_EDGDETECTVIAPOLLING))&(!def(CONF_WATCHASYNC_PA)|def(CONF_WATCHASYNC_EDGDETECTVIAPOLLING))&def(CONF_WATCHASYNC_PC)&!def(CONF_WATCHASYNC_EDGDETECTVIAPOLLING)))&def(CONF_WATCHASYNC_PB)&((def(CONF_WATCHASYNC_PC)&!def(CONF_WATCHASYNC_EDGDETECTVIAPOLLING))|(def(CONF_WATCHASYNC_PD)&!def(CONF_WATCHASYNC_EDGDETECTVIAPOLLING))|(def(CONF_WATCHASYNC_PB)&!def(CONF_WATCHASYNC_EDGDETECTVIAPOLLING))|(def(CONF_WATCHASYNC_PA)&!def(CONF_WATCHASYNC_EDGDETECTVIAPOLLING)))&!def(CONF_WATCHASYNC_EDGDETECTVIAPOLLING))
(def(CONF_WATCHASYNC_PD)&((def(CONF_WATCHASYNC_PA)&!def(CONF_WATCHASYNC_EDGDETECTVIAPOLLING))|(def(CONF_WATCHASYNC_PB)&!def(CONF_WATCHASYNC_EDGDETECTVIAPOLLING))|((!def(CONF_WATCHASYNC_PB)|def(CONF_WATCHASYNC_EDGDETECTVIAPOLLING))&(!def(CONF_WATCHASYNC_PA)|def(CONF_WATCHASYNC_EDGDETECTVIAPOLLING))&def(CONF_WATCHASYNC_PC)&!def(CONF_WATCHASYNC_EDGDETECTVIAPOLLING)))&def(CONF_WATCHASYNC_PD7)&((def(CONF_WATCHASYNC_PC)&!def(CONF_WATCHASYNC_EDGDETECTVIAPOLLING))|(def(CONF_WATCHASYNC_PD)&!def(CONF_WATCHASYNC_EDGDETECTVIAPOLLING))|(def(CONF_WATCHASYNC_PB)&!def(CONF_WATCHASYNC_EDGDETECTVIAPOLLING))|(def(CONF_WATCHASYNC_PA)&!def(CONF_WATCHASYNC_EDGDETECTVIAPOLLING)))&!def(CONF_WATCHASYNC_EDGDETECTVIAPOLLING)),True
(def(CONF_WATCHASYNC_PC5)&(!def(CONF_WATCHASYNC_PA)|def(CONF_WATCHASYNC_EDGDETECTVIAPOLLING))&(!def(CONF_WATCHASYNC_PB)|def(CONF_WATCHASYNC_EDGDETECTVIAPOLLING))&((def(CONF_WATCHASYNC_PA)&!def(CONF_WATCHASYNC_EDGDETECTVIAPOLLING))|(def(CONF_WATCHASYNC_PB)&!def(CONF_WATCHASYNC_EDGDETECTVIAPOLLING))|((!def(CONF_WATCHASYNC_PB)|def(CONF_WATCHASYNC_EDGDETECTVIAPOLLING))&(!def(CONF_WATCHASYNC_PA)|def(CONF_WATCHASYNC_EDGDETECTVIAPOLLING))&def(CONF_WATCHASYNC_PC)&!def(CONF_WATCHASYNC_EDGDETECTVIAPOLLING)))&def(CONF_WATCHASYNC_PC)&((def(CONF_WATCHASYNC_PC)&!def(CONF_WATCHASYNC_EDGDETECTVIAPOLLING))|(def(CONF_WATCHASYNC_PD)&!def(CONF_WATCHASYNC_EDGDETECTVIAPOLLING))|(def(CONF_WATCHASYNC_PB)&!def(CONF_WATCHASYNC_EDGDETECTVIAPOLLING))|(def(CONF_WATCHASYNC_PA)&!def(CONF_WATCHASYNC_EDGDETECTVIAPOLLING)))&!def(CONF_WATCHASYNC_EDGDETECTVIAPOLLING)),True
True,def(HTTPD_AUTH_SUPPORT)
!def(DUAL_HBRIDGE_SUPPORT),True
def(HD44780_READBACK),True
(def(ROUTER_SUPPORT)&def(IP_FORWARDING_SUPPORT)),def(ROUTER_SUPPORT)
(def(ZBUS_RAW_SUPPORT)&def(ROUTER_SUPPORT)),def(ROUTER_SUPPORT)
def(TEENSY_SUPPORT),True
(def(CONF_WATCHASYNC_PD3)&def(CONF_WATCHASYNC_PD)&((def(CONF_WATCHASYNC_PA)&!def(CONF_WATCHASYNC_EDGDETECTVIAPOLLING))|(def(CONF_WATCHASYNC_PB)&!def(CONF_WATCHASYNC_EDGDETECTVIAPOLLING))|((!def(CONF_WATCHASYNC_PB)|def(CONF_WATCHASYNC_EDGDETECTVIAPOLLING))&(!def(CONF_WATCHASYNC_PA)|def(CONF_WATCHASYNC_EDGDETECTVIAPOLLING))&def(CONF_WATCHASYNC_PC)&!def(CONF_WATCHASYNC_EDGDETECTVIAPOLLING)))&((def(CONF_WATCHASYNC_PC)&!def(CONF_WATCHASYNC_EDGDETECTVIAPOLLING))|(def(CONF_WATCHASYNC_PD)&!def(CONF_WATCHASYNC_EDGDETECTVIAPOLLING))|(def(CONF_WATCHASYNC_PB)&!def(CONF_WATCHASYNC_EDGDETECTVIAPOLLING))|(def(CONF_WATCHASYNC_PA)&!def(CONF_WATCHASYNC_EDGDETECTVIAPOLLING)))&!def(CONF_WATCHASYNC_EDGDETECTVIAPOLLING)),True
True,!def(HD44780_MULTIENSUPPORT)
(def(MCUF_SPIRAL_SUPPORT)&def(MCUF_MODUL_SUPPORT)&(!def(MCUF_CLEAN_SUPPORT)|!def(MCUF_MODUL_SUPPORT))),def(MCUF_SPIRAL_SUPPORT)
(((def(CONF_WATCHASYNC_PA)&!def(CONF_WATCHASYNC_EDGDETECTVIAPOLLING))|(def(CONF_WATCHASYNC_PB)&!def(CONF_WATCHASYNC_EDGDETECTVIAPOLLING))|!def(CONF_WATCHASYNC_PC)|def(CONF_WATCHASYNC_EDGDETECTVIAPOLLING))&(!def(CONF_WATCHASYNC_PA)|def(CONF_WATCHASYNC_EDGDETECTVIAPOLLING))&(!def(CONF_WATCHASYNC_PC)|def(CONF_WATCHASYNC_EDGDETECTVIAPOLLING))&def(CONF_WATCHASYNC_PD)&(!def(CONF_WATCHASYNC_PB)|def(CONF_WATCHASYNC_EDGDETECTVIAPOLLING))&def(CONF_WATCHASYNC_PD2)&((def(CONF_WATCHASYNC_PC)&!def(CONF_WATCHASYNC_EDGDETECTVIAPOLLING))|(def(CONF_WATCHASYNC_PD)&!def(CONF_WATCHASYNC_EDGDETECTVIAPOLLING))|(def(CONF_WATCHASYNC_PB)&!def(CONF_WATCHASYNC_EDGDETECTVIAPOLLING))|(def(CONF_WATCHASYNC_PA)&!def(CONF_WATCHASYNC_EDGDETECTVIAPOLLING)))&!def(CONF_WATCHASYNC_EDGDETECTVIAPOLLING)),True
True,def(ECMD_USB_SUPPORT)
def(HTTPD_AUTH_SUPPORT),True
(def(CONF_WATCHASYNC_PD)&((def(CONF_WATCHASYNC_PA)&!def(CONF_WATCHASYNC_EDGDETECTVIAPOLLING))|(def(CONF_WATCHASYNC_PB)&!def(CONF_WATCHASYNC_EDGDETECTVIAPOLLING))|((!def(CONF_WATCHASYNC_PB)|def(CONF_WATCHASYNC_EDGDETECTVIAPOLLING))&(!def(CONF_WATCHASYNC_PA)|def(CONF_WATCHASYNC_EDGDETECTVIAPOLLING))&def(CONF_WATCHASYNC_PC)&!def(CONF_WATCHASYNC_EDGDETECTVIAPOLLING)))&((def(CONF_WATCHASYNC_PC)&!def(CONF_WATCHASYNC_EDGDETECTVIAPOLLING))|(def(CONF_WATCHASYNC_PD)&!def(CONF_WATCHASYNC_EDGDETECTVIAPOLLING))|(def(CONF_WATCHASYNC_PB)&!def(CONF_WATCHASYNC_EDGDETECTVIAPOLLING))|(def(CONF_WATCHASYNC_PA)&!def(CONF_WATCHASYNC_EDGDETECTVIAPOLLING)))&def(CONF_WATCHASYNC_PD5)&!def(CONF_WATCHASYNC_EDGDETECTVIAPOLLING)),True
def(CRON_DEFAULT_UTC),True
def(CONF_WATCHASYNC_PC),(((def(CONF_WATCHASYNC_PA)&!def(CONF_WATCHASYNC_EDGDETECTVIAPOLLING))|(def(CONF_WATCHASYNC_PB)&!def(CONF_WATCHASYNC_EDGDETECTVIAPOLLING))|((!def(CONF_WATCHASYNC_PB)|def(CONF_WATCHASYNC_EDGDETECTVIAPOLLING))&(!def(CONF_WATCHASYNC_PA)|def(CONF_WATCHASYNC_EDGDETECTVIAPOLLING))&def(CONF_WATCHASYNC_PC)&!def(CONF_WATCHASYNC_EDGDETECTVIAPOLLING)))&def(CONF_WATCHASYNC_PC)&((def(CONF_WATCHASYNC_PA)&!def(CONF_WATCHASYNC_EDGDETECTVIAPOLLING))|(def(CONF_WATCHASYNC_PB)&!def(CONF_WATCHASYNC_EDGDETECTVIAPOLLING)))&((def(CONF_WATCHASYNC_PC)&!def(CONF_WATCHASYNC_EDGDETECTVIAPOLLING))|(def(CONF_WATCHASYNC_PD)&!def(CONF_WATCHASYNC_EDGDETECTVIAPOLLING))|(def(CONF_WATCHASYNC_PB)&!def(CONF_WATCHASYNC_EDGDETECTVIAPOLLING))|(def(CONF_WATCHASYNC_PA)&!def(CONF_WATCHASYNC_EDGDETECTVIAPOLLING)))&!def(CONF_WATCHASYNC_EDGDETECTVIAPOLLING))
(((def(CONF_WATCHASYNC_PA)&!def(CONF_WATCHASYNC_EDGDETECTVIAPOLLING))|(def(CONF_WATCHASYNC_PB)&!def(CONF_WATCHASYNC_EDGDETECTVIAPOLLING))|!def(CONF_WATCHASYNC_PC)|def(CONF_WATCHASYNC_EDGDETECTVIAPOLLING))&def(CONF_WATCHASYNC_PD3)&(!def(CONF_WATCHASYNC_PA)|def(CONF_WATCHASYNC_EDGDETECTVIAPOLLING))&(!def(CONF_WATCHASYNC_PC)|def(CONF_WATCHASYNC_EDGDETECTVIAPOLLING))&def(CONF_WATCHASYNC_PD)&(!def(CONF_WATCHASYNC_PB)|def(CONF_WATCHASYNC_EDGDETECTVIAPOLLING))&((def(CONF_WATCHASYNC_PC)&!def(CONF_WATCHASYNC_EDGDETECTVIAPOLLING))|(def(CONF_WATCHASYNC_PD)&!def(CONF_WATCHASYNC_EDGDETECTVIAPOLLING))|(def(CONF_WATCHASYNC_PB)&!def(CONF_WATCHASYNC_EDGDETECTVIAPOLLING))|(def(CONF_WATCHASYNC_PA)&!def(CONF_WATCHASYNC_EDGDETECTVIAPOLLING)))&!def(CONF_WATCHASYNC_EDGDETECTVIAPOLLING)),True
True,!def(DISABLE_IPCONF_SUPPORT)
def(CONF_WATCHASYNC_SUMMARIZE),True
((!def(CONF_WATCHASYNC_PA)|def(CONF_WATCHASYNC_EDGDETECTVIAPOLLING))&(!def(CONF_WATCHASYNC_PB)|def(CONF_WATCHASYNC_EDGDETECTVIAPOLLING))&def(CONF_WATCHASYNC_PC2)&((def(CONF_WATCHASYNC_PA)&!def(CONF_WATCHASYNC_EDGDETECTVIAPOLLING))|(def(CONF_WATCHASYNC_PB)&!def(CONF_WATCHASYNC_EDGDETECTVIAPOLLING))|((!def(CONF_WATCHASYNC_PB)|def(CONF_WATCHASYNC_EDGDETECTVIAPOLLING))&(!def(CONF_WATCHASYNC_PA)|def(CONF_WATCHASYNC_EDGDETECTVIAPOLLING))&def(CONF_WATCHASYNC_PC)&!def(CONF_WATCHASYNC_EDGDETECTVIAPOLLING)))&def(CONF_WATCHASYNC_PC)&((def(CONF_WATCHASYNC_PC)&!def(CONF_WATCHASYNC_EDGDETECTVIAPOLLING))|(def(CONF_WATCHASYNC_PD)&!def(CONF_WATCHASYNC_EDGDETECTVIAPOLLING))|(def(CONF_WATCHASYNC_PB)&!def(CONF_WATCHASYNC_EDGDETECTVIAPOLLING))|(def(CONF_WATCHASYNC_PA)&!def(CONF_WATCHASYNC_EDGDETECTVIAPOLLING)))&!def(CONF_WATCHASYNC_EDGDETECTVIAPOLLING)),True
True,def(VFS_PWM_WAV_SUPPORT)
(def(TEENSY_SUPPORT)&!def(RFM12_DISABLE)),True
def(DEBUG),(def(LARGESCREEN)&def(DEBUG))
(def(CONF_WATCHASYNC_PC1)&((def(CONF_WATCHASYNC_PA)&!def(CONF_WATCHASYNC_EDGDETECTVIAPOLLING))|(def(CONF_WATCHASYNC_PB)&!def(CONF_WATCHASYNC_EDGDETECTVIAPOLLING))|((!def(CONF_WATCHASYNC_PB)|def(CONF_WATCHASYNC_EDGDETECTVIAPOLLING))&(!def(CONF_WATCHASYNC_PA)|def(CONF_WATCHASYNC_EDGDETECTVIAPOLLING))&def(CONF_WATCHASYNC_PC)&!def(CONF_WATCHASYNC_EDGDETECTVIAPOLLING)))&def(CONF_WATCHASYNC_PC)&((def(CONF_WATCHASYNC_PA)&!def(CONF_WATCHASYNC_EDGDETECTVIAPOLLING))|(def(CONF_WATCHASYNC_PB)&!def(CONF_WATCHASYNC_EDGDETECTVIAPOLLING)))&((def(CONF_WATCHASYNC_PC)&!def(CONF_WATCHASYNC_EDGDETECTVIAPOLLING))|(def(CONF_WATCHASYNC_PD)&!def(CONF_WATCHASYNC_EDGDETECTVIAPOLLING))|(def(CONF_WATCHASYNC_PB)&!def(CONF_WATCHASYNC_EDGDETECTVIAPOLLING))|(def(CONF_WATCHASYNC_PA)&!def(CONF_WATCHASYNC_EDGDETECTVIAPOLLING)))&!def(CONF_WATCHASYNC_EDGDETECTVIAPOLLING)),True
True,(def(WIN32)&!def(unix))
True,def(TEENSY_SUPPORT)
(def(USB_HID_KEYBOARD_ECMD_SUPPORT)&def(USB_KEYBOARD_SUPPORT)),def(USB_KEYBOARD_SUPPORT)
True,def(PS2_SUPPORT)
(!def(TEENSY_SUPPORT)&!def(RFM12_IP_SUPPORT)),True
(def(MCUF_CLEAN_SUPPORT)&def(MCUF_MODUL_SUPPORT)&((def(MCUF_SPIRAL_SUPPORT)&def(MCUF_MODUL_SUPPORT))|(def(MCUF_CLEAN_SUPPORT)&def(MCUF_MODUL_SUPPORT)))),def(MCUF_CLEAN_SUPPORT)
(def(CONF_WATCHASYNC_PA)&def(CONF_WATCHASYNC_PB1)&((def(CONF_WATCHASYNC_PA)&!def(CONF_WATCHASYNC_EDGDETECTVIAPOLLING))|(def(CONF_WATCHASYNC_PB)&!def(CONF_WATCHASYNC_EDGDETECTVIAPOLLING))|((!def(CONF_WATCHASYNC_PB)|def(CONF_WATCHASYNC_EDGDETECTVIAPOLLING))&(!def(CONF_WATCHASYNC_PA)|def(CONF_WATCHASYNC_EDGDETECTVIAPOLLING))&def(CONF_WATCHASYNC_PC)&!def(CONF_WATCHASYNC_EDGDETECTVIAPOLLING)))&((def(CONF_WATCHASYNC_PA)&!def(CONF_WATCHASYNC_EDGDETECTVIAPOLLING))|(def(CONF_WATCHASYNC_PB)&!def(CONF_WATCHASYNC_EDGDETECTVIAPOLLING)))&def(CONF_WATCHASYNC_PB)&((def(CONF_WATCHASYNC_PC)&!def(CONF_WATCHASYNC_EDGDETECTVIAPOLLING))|(def(CONF_WATCHASYNC_PD)&!def(CONF_WATCHASYNC_EDGDETECTVIAPOLLING))|(def(CONF_WATCHASYNC_PB)&!def(CONF_WATCHASYNC_EDGDETECTVIAPOLLING))|(def(CONF_WATCHASYNC_PA)&!def(CONF_WATCHASYNC_EDGDETECTVIAPOLLING)))&!def(CONF_WATCHASYNC_EDGDETECTVIAPOLLING)),True
def(USB_KEYBOARD_SUPPORT),def(USB_MOUSE_SUPPORT)
def(PS2_SUPPORT),def(USB_KEYBOARD_SUPPORT)
True,def(DEBUG)
!def(CRON_DEFAULT_UTC),True
def(MODBUS_CLIENT_SUPPORT),def(PS2_SUPPORT)
(def(RFM12_ASK_2272_SUPPORT)&def(RFM12_ASK_SENDER_SUPPORT)),(def(TEENSY_SUPPORT)&def(RFM12_ASK_SENDER_SUPPORT))
def(DEBUG),True
(def(CONF_WATCHASYNC_PA)&def(CONF_WATCHASYNC_PA3)&((def(CONF_WATCHASYNC_PA)&!def(CONF_WATCHASYNC_EDGDETECTVIAPOLLING))|(def(CONF_WATCHASYNC_PB)&!def(CONF_WATCHASYNC_EDGDETECTVIAPOLLING))|((!def(CONF_WATCHASYNC_PB)|def(CONF_WATCHASYNC_EDGDETECTVIAPOLLING))&(!def(CONF_WATCHASYNC_PA)|def(CONF_WATCHASYNC_EDGDETECTVIAPOLLING))&def(CONF_WATCHASYNC_PC)&!def(CONF_WATCHASYNC_EDGDETECTVIAPOLLING)))&((def(CONF_WATCHASYNC_PA)&!def(CONF_WATCHASYNC_EDGDETECTVIAPOLLING))|(def(CONF_WATCHASYNC_PB)&!def(CONF_WATCHASYNC_EDGDETECTVIAPOLLING)))&((def(CONF_WATCHASYNC_PC)&!def(CONF_WATCHASYNC_EDGDETECTVIAPOLLING))|(def(CONF_WATCHASYNC_PD)&!def(CONF_WATCHASYNC_EDGDETECTVIAPOLLING))|(def(CONF_WATCHASYNC_PB)&!def(CONF_WATCHASYNC_EDGDETECTVIAPOLLING))|(def(CONF_WATCHASYNC_PA)&!def(CONF_WATCHASYNC_EDGDETECTVIAPOLLING)))&!def(CONF_WATCHASYNC_EDGDETECTVIAPOLLING)),True
True,def(MDNS_SD_SUPPORT)
def(DUAL_HBRIDGE_SUPPORT),True
(def(CONF_WATCHASYNC_PA)&((def(CONF_WATCHASYNC_PA)&!def(CONF_WATCHASYNC_EDGDETECTVIAPOLLING))|(def(CONF_WATCHASYNC_PB)&!def(CONF_WATCHASYNC_EDGDETECTVIAPOLLING))|((!def(CONF_WATCHASYNC_PB)|def(CONF_WATCHASYNC_EDGDETECTVIAPOLLING))&(!def(CONF_WATCHASYNC_PA)|def(CONF_WATCHASYNC_EDGDETECTVIAPOLLING))&def(CONF_WATCHASYNC_PC)&!def(CONF_WATCHASYNC_EDGDETECTVIAPOLLING)))&((def(CONF_WATCHASYNC_PA)&!def(CONF_WATCHASYNC_EDGDETECTVIAPOLLING))|(def(CONF_WATCHASYNC_PB)&!def(CONF_WATCHASYNC_EDGDETECTVIAPOLLING)))&def(CONF_WATCHASYNC_PB)&((def(CONF_WATCHASYNC_PC)&!def(CONF_WATCHASYNC_EDGDETECTVIAPOLLING))|(def(CONF_WATCHASYNC_PD)&!def(CONF_WATCHASYNC_EDGDETECTVIAPOLLING))|(def(CONF_WATCHASYNC_PB)&!def(CONF_WATCHASYNC_EDGDETECTVIAPOLLING))|(def(CONF_WATCHASYNC_PA)&!def(CONF_WATCHASYNC_EDGDETECTVIAPOLLING)))&def(CONF_WATCHASYNC_PB2)&!def(CONF_WATCHASYNC_EDGDETECTVIAPOLLING)),True
!def(DEBUG),def(DEBUG)
True,def(DNS_SUPPORT)
True,def(GLCDMENU_S1D13305)
!def(SOFT_SPI_SUPPORT),def(PS2_SUPPORT)
def(DISABLE_IPCONF_SUPPORT),True
!def(IPV6_STATIC_SUPPORT),def(ETHERNET_SUPPORT)
True,def(LCD_DRAWBITMAP_USED)
def(MCUF_IMAGE_SUPPORT),True
(def(CONF_WATCHASYNC_PD4)&def(CONF_WATCHASYNC_PD)&((def(CONF_WATCHASYNC_PA)&!def(CONF_WATCHASYNC_EDGDETECTVIAPOLLING))|(def(CONF_WATCHASYNC_PB)&!def(CONF_WATCHASYNC_EDGDETECTVIAPOLLING))|((!def(CONF_WATCHASYNC_PB)|def(CONF_WATCHASYNC_EDGDETECTVIAPOLLING))&(!def(CONF_WATCHASYNC_PA)|def(CONF_WATCHASYNC_EDGDETECTVIAPOLLING))&def(CONF_WATCHASYNC_PC)&!def(CONF_WATCHASYNC_EDGDETECTVIAPOLLING)))&((def(CONF_WATCHASYNC_PC)&!def(CONF_WATCHASYNC_EDGDETECTVIAPOLLING))|(def(CONF_WATCHASYNC_PD)&!def(CONF_WATCHASYNC_EDGDETECTVIAPOLLING))|(def(CONF_WATCHASYNC_PB)&!def(CONF_WATCHASYNC_EDGDETECTVIAPOLLING))|(def(CONF_WATCHASYNC_PA)&!def(CONF_WATCHASYNC_EDGDETECTVIAPOLLING)))&!def(CONF_WATCHASYNC_EDGDETECTVIAPOLLING)),True
!def(DNS_SUPPORT),!def(CONF_WATCHASYNC_SUMMARIZE)
!def(TFTPOMATIC_SUPPORT),def(BOOTLOADER_SUPPORT)
def(VFS_SUPPORT),True
True,def(PWM_SERVO_SUPPORT)
def(USB_KEYBOARD_SUPPORT),(def(USB_HID_KEYBOARD_STATIC_SUPPORT)&def(USB_KEYBOARD_SUPPORT))
(def(USB_HID_KEYBOARD_SEQUENCE_SUPPORT)&def(USB_KEYBOARD_SUPPORT)),def(PS2_SUPPORT)
def(MDNS_SD_SUPPORT),def(ETHERNET_SUPPORT)
True,!def(DEBUG_USE_SYSLOG)
def(I2C_PCF8574X_SUPPORT),def(PS2_SUPPORT)
(def(USB_HID_KEYBOARD_STATIC_SUPPORT)&def(USB_KEYBOARD_SUPPORT)),def(PS2_SUPPORT)
(def(CONF_WATCHASYNC_PA)&def(CONF_WATCHASYNC_PA2)&((def(CONF_WATCHASYNC_PA)&!def(CONF_WATCHASYNC_EDGDETECTVIAPOLLING))|(def(CONF_WATCHASYNC_PB)&!def(CONF_WATCHASYNC_EDGDETECTVIAPOLLING))|((!def(CONF_WATCHASYNC_PB)|def(CONF_WATCHASYNC_EDGDETECTVIAPOLLING))&(!def(CONF_WATCHASYNC_PA)|def(CONF_WATCHASYNC_EDGDETECTVIAPOLLING))&def(CONF_WATCHASYNC_PC)&!def(CONF_WATCHASYNC_EDGDETECTVIAPOLLING)))&((def(CONF_WATCHASYNC_PA)&!def(CONF_WATCHASYNC_EDGDETECTVIAPOLLING))|(def(CONF_WATCHASYNC_PB)&!def(CONF_WATCHASYNC_EDGDETECTVIAPOLLING)))&((def(CONF_WATCHASYNC_PC)&!def(CONF_WATCHASYNC_EDGDETECTVIAPOLLING))|(def(CONF_WATCHASYNC_PD)&!def(CONF_WATCHASYNC_EDGDETECTVIAPOLLING))|(def(CONF_WATCHASYNC_PB)&!def(CONF_WATCHASYNC_EDGDETECTVIAPOLLING))|(def(CONF_WATCHASYNC_PA)&!def(CONF_WATCHASYNC_EDGDETECTVIAPOLLING)))&!def(CONF_WATCHASYNC_EDGDETECTVIAPOLLING)),True
True,def(MODBUS_CLIENT_SUPPORT)
(((def(MCUF_SPIRAL_SUPPORT)&def(MCUF_MODUL_SUPPORT))|(def(MCUF_CLEAN_SUPPORT)&def(MCUF_MODUL_SUPPORT))|def(MCUF_MODUL_SUPPORT))&(!def(MCUF_MODUL_BORG16_SUPPORT)|!def(MCUF_MODUL_SUPPORT))&((def(MCUF_SPIRAL_SUPPORT)&def(MCUF_MODUL_SUPPORT))|(def(MCUF_CLEAN_SUPPORT)&def(MCUF_MODUL_SUPPORT)))&def(MCUF_MODUL_SUPPORT)&def(MCUF_SPIRAL_SUPPORT)&def(MCUF_CLEAN_SUPPORT)),def(MCUF_SPIRAL_SUPPORT)
def(SD_PING_READ),True
def(GLCDMENU_S1D13305),True
(def(CONF_WATCHASYNC_PD)&((def(CONF_WATCHASYNC_PA)&!def(CONF_WATCHASYNC_EDGDETECTVIAPOLLING))|(def(CONF_WATCHASYNC_PB)&!def(CONF_WATCHASYNC_EDGDETECTVIAPOLLING))|((!def(CONF_WATCHASYNC_PB)|def(CONF_WATCHASYNC_EDGDETECTVIAPOLLING))&(!def(CONF_WATCHASYNC_PA)|def(CONF_WATCHASYNC_EDGDETECTVIAPOLLING))&def(CONF_WATCHASYNC_PC)&!def(CONF_WATCHASYNC_EDGDETECTVIAPOLLING)))&def(CONF_WATCHASYNC_PD2)&((def(CONF_WATCHASYNC_PC)&!def(CONF_WATCHASYNC_EDGDETECTVIAPOLLING))|(def(CONF_WATCHASYNC_PD)&!def(CONF_WATCHASYNC_EDGDETECTVIAPOLLING))|(def(CONF_WATCHASYNC_PB)&!def(CONF_WATCHASYNC_EDGDETECTVIAPOLLING))|(def(CONF_WATCHASYNC_PA)&!def(CONF_WATCHASYNC_EDGDETECTVIAPOLLING)))&!def(CONF_WATCHASYNC_EDGDETECTVIAPOLLING)),True
(def(RFM12_ASK_2272_SUPPORT)&def(RFM12_ASK_SENDER_SUPPORT)&def(TEENSY_SUPPORT)),(def(TEENSY_SUPPORT)&def(RFM12_ASK_SENDER_SUPPORT))
(((def(CONF_WATCHASYNC_PA)&!def(CONF_WATCHASYNC_EDGDETECTVIAPOLLING))|(def(CONF_WATCHASYNC_PB)&!def(CONF_WATCHASYNC_EDGDETECTVIAPOLLING))|!def(CONF_WATCHASYNC_PC)|def(CONF_WATCHASYNC_EDGDETECTVIAPOLLING))&(!def(CONF_WATCHASYNC_PA)|def(CONF_WATCHASYNC_EDGDETECTVIAPOLLING))&(!def(CONF_WATCHASYNC_PC)|def(CONF_WATCHASYNC_EDGDETECTVIAPOLLING))&def(CONF_WATCHASYNC_PD)&(!def(CONF_WATCHASYNC_PB)|def(CONF_WATCHASYNC_EDGDETECTVIAPOLLING))&def(CONF_WATCHASYNC_PD7)&((def(CONF_WATCHASYNC_PC)&!def(CONF_WATCHASYNC_EDGDETECTVIAPOLLING))|(def(CONF_WATCHASYNC_PD)&!def(CONF_WATCHASYNC_EDGDETECTVIAPOLLING))|(def(CONF_WATCHASYNC_PB)&!def(CONF_WATCHASYNC_EDGDETECTVIAPOLLING))|(def(CONF_WATCHASYNC_PA)&!def(CONF_WATCHASYNC_EDGDETECTVIAPOLLING)))&!def(CONF_WATCHASYNC_EDGDETECTVIAPOLLING)),True
(def(CONF_WATCHASYNC_PC3)&((def(CONF_WATCHASYNC_PA)&!def(CONF_WATCHASYNC_EDGDETECTVIAPOLLING))|(def(CONF_WATCHASYNC_PB)&!def(CONF_WATCHASYNC_EDGDETECTVIAPOLLING))|((!def(CONF_WATCHASYNC_PB)|def(CONF_WATCHASYNC_EDGDETECTVIAPOLLING))&(!def(CONF_WATCHASYNC_PA)|def(CONF_WATCHASYNC_EDGDETECTVIAPOLLING))&def(CONF_WATCHASYNC_PC)&!def(CONF_WATCHASYNC_EDGDETECTVIAPOLLING)))&def(CONF_WATCHASYNC_PC)&((def(CONF_WATCHASYNC_PA)&!def(CONF_WATCHASYNC_EDGDETECTVIAPOLLING))|(def(CONF_WATCHASYNC_PB)&!def(CONF_WATCHASYNC_EDGDETECTVIAPOLLING)))&((def(CONF_WATCHASYNC_PC)&!def(CONF_WATCHASYNC_EDGDETECTVIAPOLLING))|(def(CONF_WATCHASYNC_PD)&!def(CONF_WATCHASYNC_EDGDETECTVIAPOLLING))|(def(CONF_WATCHASYNC_PB)&!def(CONF_WATCHASYNC_EDGDETECTVIAPOLLING))|(def(CONF_WATCHASYNC_PA)&!def(CONF_WATCHASYNC_EDGDETECTVIAPOLLING)))&!def(CONF_WATCHASYNC_EDGDETECTVIAPOLLING)),True
((!def(CONF_WATCHASYNC_PA)|def(CONF_WATCHASYNC_EDGDETECTVIAPOLLING))&(!def(CONF_WATCHASYNC_PB)|def(CONF_WATCHASYNC_EDGDETECTVIAPOLLING))&((def(CONF_WATCHASYNC_PA)&!def(CONF_WATCHASYNC_EDGDETECTVIAPOLLING))|(def(CONF_WATCHASYNC_PB)&!def(CONF_WATCHASYNC_EDGDETECTVIAPOLLING))|((!def(CONF_WATCHASYNC_PB)|def(CONF_WATCHASYNC_EDGDETECTVIAPOLLING))&(!def(CONF_WATCHASYNC_PA)|def(CONF_WATCHASYNC_EDGDETECTVIAPOLLING))&def(CONF_WATCHASYNC_PC)&!def(CONF_WATCHASYNC_EDGDETECTVIAPOLLING)))&def(CONF_WATCHASYNC_PC)&def(CONF_WATCHASYNC_PC7)&((def(CONF_WATCHASYNC_PC)&!def(CONF_WATCHASYNC_EDGDETECTVIAPOLLING))|(def(CONF_WATCHASYNC_PD)&!def(CONF_WATCHASYNC_EDGDETECTVIAPOLLING))|(def(CONF_WATCHASYNC_PB)&!def(CONF_WATCHASYNC_EDGDETECTVIAPOLLING))|(def(CONF_WATCHASYNC_PA)&!def(CONF_WATCHASYNC_EDGDETECTVIAPOLLING)))&!def(CONF_WATCHASYNC_EDGDETECTVIAPOLLING)),True
def(HTTPD_AUTH_SUPPORT),(def(MCUF_CLEAN_SUPPORT)&def(MCUF_MODUL_SUPPORT)&((def(MCUF_SPIRAL_SUPPORT)&def(MCUF_MODUL_SUPPORT))|(def(MCUF_CLEAN_SUPPORT)&def(MCUF_MODUL_SUPPORT))))
def(LARGESCREEN),True
def(ECMD_USB_SUPPORT),True
def(MCUF_SPIRAL_SUPPORT),True
(def(CONF_WATCHASYNC_PA)&def(CONF_WATCHASYNC_PB0)&((def(CONF_WATCHASYNC_PA)&!def(CONF_WATCHASYNC_EDGDETECTVIAPOLLING))|(def(CONF_WATCHASYNC_PB)&!def(CONF_WATCHASYNC_EDGDETECTVIAPOLLING))|((!def(CONF_WATCHASYNC_PB)|def(CONF_WATCHASYNC_EDGDETECTVIAPOLLING))&(!def(CONF_WATCHASYNC_PA)|def(CONF_WATCHASYNC_EDGDETECTVIAPOLLING))&def(CONF_WATCHASYNC_PC)&!def(CONF_WATCHASYNC_EDGDETECTVIAPOLLING)))&((def(CONF_WATCHASYNC_PA)&!def(CONF_WATCHASYNC_EDGDETECTVIAPOLLING))|(def(CONF_WATCHASYNC_PB)&!def(CONF_WATCHASYNC_EDGDETECTVIAPOLLING)))&def(CONF_WATCHASYNC_PB)&((def(CONF_WATCHASYNC_PC)&!def(CONF_WATCHASYNC_EDGDETECTVIAPOLLING))|(def(CONF_WATCHASYNC_PD)&!def(CONF_WATCHASYNC_EDGDETECTVIAPOLLING))|(def(CONF_WATCHASYNC_PB)&!def(CONF_WATCHASYNC_EDGDETECTVIAPOLLING))|(def(CONF_WATCHASYNC_PA)&!def(CONF_WATCHASYNC_EDGDETECTVIAPOLLING)))&!def(CONF_WATCHASYNC_EDGDETECTVIAPOLLING)),True
def(I2C_PCA9531_SUPPORT),True
(def(CONF_WATCHASYNC_PB6)&(!def(CONF_WATCHASYNC_PA)|def(CONF_WATCHASYNC_EDGDETECTVIAPOLLING))&((def(CONF_WATCHASYNC_PA)&!def(CONF_WATCHASYNC_EDGDETECTVIAPOLLING))|(def(CONF_WATCHASYNC_PB)&!def(CONF_WATCHASYNC_EDGDETECTVIAPOLLING))|((!def(CONF_WATCHASYNC_PB)|def(CONF_WATCHASYNC_EDGDETECTVIAPOLLING))&(!def(CONF_WATCHASYNC_PA)|def(CONF_WATCHASYNC_EDGDETECTVIAPOLLING))&def(CONF_WATCHASYNC_PC)&!def(CONF_WATCHASYNC_EDGDETECTVIAPOLLING)))&def(CONF_WATCHASYNC_PB)&((def(CONF_WATCHASYNC_PC)&!def(CONF_WATCHASYNC_EDGDETECTVIAPOLLING))|(def(CONF_WATCHASYNC_PD)&!def(CONF_WATCHASYNC_EDGDETECTVIAPOLLING))|(def(CONF_WATCHASYNC_PB)&!def(CONF_WATCHASYNC_EDGDETECTVIAPOLLING))|(def(CONF_WATCHASYNC_PA)&!def(CONF_WATCHASYNC_EDGDETECTVIAPOLLING)))&!def(CONF_WATCHASYNC_EDGDETECTVIAPOLLING)),True
(def(CONF_WATCHASYNC_PA)&((def(CONF_WATCHASYNC_PA)&!def(CONF_WATCHASYNC_EDGDETECTVIAPOLLING))|(def(CONF_WATCHASYNC_PB)&!def(CONF_WATCHASYNC_EDGDETECTVIAPOLLING))|((!def(CONF_WATCHASYNC_PB)|def(CONF_WATCHASYNC_EDGDETECTVIAPOLLING))&(!def(CONF_WATCHASYNC_PA)|def(CONF_WATCHASYNC_EDGDETECTVIAPOLLING))&def(CONF_WATCHASYNC_PC)&!def(CONF_WATCHASYNC_EDGDETECTVIAPOLLING)))&((def(CONF_WATCHASYNC_PA)&!def(CONF_WATCHASYNC_EDGDETECTVIAPOLLING))|(def(CONF_WATCHASYNC_PB)&!def(CONF_WATCHASYNC_EDGDETECTVIAPOLLING)))&def(CONF_WATCHASYNC_PA5)&((def(CONF_WATCHASYNC_PC)&!def(CONF_WATCHASYNC_EDGDETECTVIAPOLLING))|(def(CONF_WATCHASYNC_PD)&!def(CONF_WATCHASYNC_EDGDETECTVIAPOLLING))|(def(CONF_WATCHASYNC_PB)&!def(CONF_WATCHASYNC_EDGDETECTVIAPOLLING))|(def(CONF_WATCHASYNC_PA)&!def(CONF_WATCHASYNC_EDGDETECTVIAPOLLING)))&!def(CONF_WATCHASYNC_EDGDETECTVIAPOLLING)),True
(def(CONF_WATCHASYNC_PA)&((def(CONF_WATCHASYNC_PA)&!def(CONF_WATCHASYNC_EDGDETECTVIAPOLLING))|(def(CONF_WATCHASYNC_PB)&!def(CONF_WATCHASYNC_EDGDETECTVIAPOLLING))|((!def(CONF_WATCHASYNC_PB)|def(CONF_WATCHASYNC_EDGDETECTVIAPOLLING))&(!def(CONF_WATCHASYNC_PA)|def(CONF_WATCHASYNC_EDGDETECTVIAPOLLING))&def(CONF_WATCHASYNC_PC)&!def(CONF_WATCHASYNC_EDGDETECTVIAPOLLING)))&((def(CONF_WATCHASYNC_PA)&!def(CONF_WATCHASYNC_EDGDETECTVIAPOLLING))|(def(CONF_WATCHASYNC_PB)&!def(CONF_WATCHASYNC_EDGDETECTVIAPOLLING)))&def(CONF_WATCHASYNC_PA7)&((def(CONF_WATCHASYNC_PC)&!def(CONF_WATCHASYNC_EDGDETECTVIAPOLLING))|(def(CONF_WATCHASYNC_PD)&!def(CONF_WATCHASYNC_EDGDETECTVIAPOLLING))|(def(CONF_WATCHASYNC_PB)&!def(CONF_WATCHASYNC_EDGDETECTVIAPOLLING))|(def(CONF_WATCHASYNC_PA)&!def(CONF_WATCHASYNC_EDGDETECTVIAPOLLING)))&!def(CONF_WATCHASYNC_EDGDETECTVIAPOLLING)),True
(def(CONF_WATCHASYNC_PA)&def(CONF_WATCHASYNC_PA0)&((def(CONF_WATCHASYNC_PA)&!def(CONF_WATCHASYNC_EDGDETECTVIAPOLLING))|(def(CONF_WATCHASYNC_PB)&!def(CONF_WATCHASYNC_EDGDETECTVIAPOLLING))|((!def(CONF_WATCHASYNC_PB)|def(CONF_WATCHASYNC_EDGDETECTVIAPOLLING))&(!def(CONF_WATCHASYNC_PA)|def(CONF_WATCHASYNC_EDGDETECTVIAPOLLING))&def(CONF_WATCHASYNC_PC)&!def(CONF_WATCHASYNC_EDGDETECTVIAPOLLING)))&((def(CONF_WATCHASYNC_PA)&!def(CONF_WATCHASYNC_EDGDETECTVIAPOLLING))|(def(CONF_WATCHASYNC_PB)&!def(CONF_WATCHASYNC_EDGDETECTVIAPOLLING)))&((def(CONF_WATCHASYNC_PC)&!def(CONF_WATCHASYNC_EDGDETECTVIAPOLLING))|(def(CONF_WATCHASYNC_PD)&!def(CONF_WATCHASYNC_EDGDETECTVIAPOLLING))|(def(CONF_WATCHASYNC_PB)&!def(CONF_WATCHASYNC_EDGDETECTVIAPOLLING))|(def(CONF_WATCHASYNC_PA)&!def(CONF_WATCHASYNC_EDGDETECTVIAPOLLING)))&!def(CONF_WATCHASYNC_EDGDETECTVIAPOLLING)),True
True,!def(CONF_WATCHASYNC_SUMMARIZE)
(!def(RFM12_DISABLE)&!def(TEENSY_SUPPORT)),(!def(TEENSY_SUPPORT)&!def(RFM12_IP_SUPPORT))
(def(CONF_WATCHASYNC_PA)&def(CONF_WATCHASYNC_PB6)&((def(CONF_WATCHASYNC_PA)&!def(CONF_WATCHASYNC_EDGDETECTVIAPOLLING))|(def(CONF_WATCHASYNC_PB)&!def(CONF_WATCHASYNC_EDGDETECTVIAPOLLING))|((!def(CONF_WATCHASYNC_PB)|def(CONF_WATCHASYNC_EDGDETECTVIAPOLLING))&(!def(CONF_WATCHASYNC_PA)|def(CONF_WATCHASYNC_EDGDETECTVIAPOLLING))&def(CONF_WATCHASYNC_PC)&!def(CONF_WATCHASYNC_EDGDETECTVIAPOLLING)))&((def(CONF_WATCHASYNC_PA)&!def(CONF_WATCHASYNC_EDGDETECTVIAPOLLING))|(def(CONF_WATCHASYNC_PB)&!def(CONF_WATCHASYNC_EDGDETECTVIAPOLLING)))&def(CONF_WATCHASYNC_PB)&((def(CONF_WATCHASYNC_PC)&!def(CONF_WATCHASYNC_EDGDETECTVIAPOLLING))|(def(CONF_WATCHASYNC_PD)&!def(CONF_WATCHASYNC_EDGDETECTVIAPOLLING))|(def(CONF_WATCHASYNC_PB)&!def(CONF_WATCHASYNC_EDGDETECTVIAPOLLING))|(def(CONF_WATCHASYNC_PA)&!def(CONF_WATCHASYNC_EDGDETECTVIAPOLLING)))&!def(CONF_WATCHASYNC_EDGDETECTVIAPOLLING)),True
(def(ROUTER_SUPPORT)&def(ZBUS_SUPPORT)),True
def(MODBUS_CLIENT_SUPPORT),True
(def(CONF_WATCHASYNC_PC6)&((def(CONF_WATCHASYNC_PA)&!def(CONF_WATCHASYNC_EDGDETECTVIAPOLLING))|(def(CONF_WATCHASYNC_PB)&!def(CONF_WATCHASYNC_EDGDETECTVIAPOLLING))|((!def(CONF_WATCHASYNC_PB)|def(CONF_WATCHASYNC_EDGDETECTVIAPOLLING))&(!def(CONF_WATCHASYNC_PA)|def(CONF_WATCHASYNC_EDGDETECTVIAPOLLING))&def(CONF_WATCHASYNC_PC)&!def(CONF_WATCHASYNC_EDGDETECTVIAPOLLING)))&def(CONF_WATCHASYNC_PC)&((def(CONF_WATCHASYNC_PA)&!def(CONF_WATCHASYNC_EDGDETECTVIAPOLLING))|(def(CONF_WATCHASYNC_PB)&!def(CONF_WATCHASYNC_EDGDETECTVIAPOLLING)))&((def(CONF_WATCHASYNC_PC)&!def(CONF_WATCHASYNC_EDGDETECTVIAPOLLING))|(def(CONF_WATCHASYNC_PD)&!def(CONF_WATCHASYNC_EDGDETECTVIAPOLLING))|(def(CONF_WATCHASYNC_PB)&!def(CONF_WATCHASYNC_EDGDETECTVIAPOLLING))|(def(CONF_WATCHASYNC_PA)&!def(CONF_WATCHASYNC_EDGDETECTVIAPOLLING)))&!def(CONF_WATCHASYNC_EDGDETECTVIAPOLLING)),True
!def(IPV6_STATIC_SUPPORT),def(TFTPOMATIC_SUPPORT)
((!def(CONF_WATCHASYNC_PA)|def(CONF_WATCHASYNC_EDGDETECTVIAPOLLING))&def(CONF_WATCHASYNC_PC6)&(!def(CONF_WATCHASYNC_PB)|def(CONF_WATCHASYNC_EDGDETECTVIAPOLLING))&((def(CONF_WATCHASYNC_PA)&!def(CONF_WATCHASYNC_EDGDETECTVIAPOLLING))|(def(CONF_WATCHASYNC_PB)&!def(CONF_WATCHASYNC_EDGDETECTVIAPOLLING))|((!def(CONF_WATCHASYNC_PB)|def(CONF_WATCHASYNC_EDGDETECTVIAPOLLING))&(!def(CONF_WATCHASYNC_PA)|def(CONF_WATCHASYNC_EDGDETECTVIAPOLLING))&def(CONF_WATCHASYNC_PC)&!def(CONF_WATCHASYNC_EDGDETECTVIAPOLLING)))&def(CONF_WATCHASYNC_PC)&((def(CONF_WATCHASYNC_PC)&!def(CONF_WATCHASYNC_EDGDETECTVIAPOLLING))|(def(CONF_WATCHASYNC_PD)&!def(CONF_WATCHASYNC_EDGDETECTVIAPOLLING))|(def(CONF_WATCHASYNC_PB)&!def(CONF_WATCHASYNC_EDGDETECTVIAPOLLING))|(def(CONF_WATCHASYNC_PA)&!def(CONF_WATCHASYNC_EDGDETECTVIAPOLLING)))&!def(CONF_WATCHASYNC_EDGDETECTVIAPOLLING)),True
def(MCUF_CLEAN_SUPPORT),True
(def(CONF_WATCHASYNC_PD)&((def(CONF_WATCHASYNC_PA)&!def(CONF_WATCHASYNC_EDGDETECTVIAPOLLING))|(def(CONF_WATCHASYNC_PB)&!def(CONF_WATCHASYNC_EDGDETECTVIAPOLLING))|((!def(CONF_WATCHASYNC_PB)|def(CONF_WATCHASYNC_EDGDETECTVIAPOLLING))&(!def(CONF_WATCHASYNC_PA)|def(CONF_WATCHASYNC_EDGDETECTVIAPOLLING))&def(CONF_WATCHASYNC_PC)&!def(CONF_WATCHASYNC_EDGDETECTVIAPOLLING)))&def(CONF_WATCHASYNC_PD6)&((def(CONF_WATCHASYNC_PC)&!def(CONF_WATCHASYNC_EDGDETECTVIAPOLLING))|(def(CONF_WATCHASYNC_PD)&!def(CONF_WATCHASYNC_EDGDETECTVIAPOLLING))|(def(CONF_WATCHASYNC_PB)&!def(CONF_WATCHASYNC_EDGDETECTVIAPOLLING))|(def(CONF_WATCHASYNC_PA)&!def(CONF_WATCHASYNC_EDGDETECTVIAPOLLING)))&!def(CONF_WATCHASYNC_EDGDETECTVIAPOLLING)),True
def(HTTP_SD_DIR_SUPPORT),True
True,!def(GUI_SUPPORT)
!def(DEBUG),(!def(DEBUG)&def(LARGESCREEN))
(!def(CONF_WATCHASYNC_SUMMARIZE)&(def(CONF_WATCHASYNC_EDGDETECTVIAPOLLING)|((!def(CONF_WATCHASYNC_PD)|def(CONF_WATCHASYNC_EDGDETECTVIAPOLLING))&(!def(CONF_WATCHASYNC_PC)|def(CONF_WATCHASYNC_EDGDETECTVIAPOLLING))&(!def(CONF_WATCHASYNC_PB)|def(CONF_WATCHASYNC_EDGDETECTVIAPOLLING))&(!def(CONF_WATCHASYNC_PA)|def(CONF_WATCHASYNC_EDGDETECTVIAPOLLING))))),True
True,!def(SOFT_SPI_SUPPORT)
True,def(HD44780_MULTIENSUPPORT)
(def(CONF_WATCHASYNC_PC2)&((def(CONF_WATCHASYNC_PA)&!def(CONF_WATCHASYNC_EDGDETECTVIAPOLLING))|(def(CONF_WATCHASYNC_PB)&!def(CONF_WATCHASYNC_EDGDETECTVIAPOLLING))|((!def(CONF_WATCHASYNC_PB)|def(CONF_WATCHASYNC_EDGDETECTVIAPOLLING))&(!def(CONF_WATCHASYNC_PA)|def(CONF_WATCHASYNC_EDGDETECTVIAPOLLING))&def(CONF_WATCHASYNC_PC)&!def(CONF_WATCHASYNC_EDGDETECTVIAPOLLING)))&def(CONF_WATCHASYNC_PC)&((def(CONF_WATCHASYNC_PA)&!def(CONF_WATCHASYNC_EDGDETECTVIAPOLLING))|(def(CONF_WATCHASYNC_PB)&!def(CONF_WATCHASYNC_EDGDETECTVIAPOLLING)))&((def(CONF_WATCHASYNC_PC)&!def(CONF_WATCHASYNC_EDGDETECTVIAPOLLING))|(def(CONF_WATCHASYNC_PD)&!def(CONF_WATCHASYNC_EDGDETECTVIAPOLLING))|(def(CONF_WATCHASYNC_PB)&!def(CONF_WATCHASYNC_EDGDETECTVIAPOLLING))|(def(CONF_WATCHASYNC_PA)&!def(CONF_WATCHASYNC_EDGDETECTVIAPOLLING)))&!def(CONF_WATCHASYNC_EDGDETECTVIAPOLLING)),True
def(DC3840_UDP_DEBUG),def(ROUTER_SUPPORT)
def(ECMD_SERIAL_USART_SUPPORT),True
True,def(ECMD_PAM_SUPPORT)
(def(CONF_WATCHASYNC_PA)&def(CONF_WATCHASYNC_PA4)&((def(CONF_WATCHASYNC_PA)&!def(CONF_WATCHASYNC_EDGDETECTVIAPOLLING))|(def(CONF_WATCHASYNC_PB)&!def(CONF_WATCHASYNC_EDGDETECTVIAPOLLING))|((!def(CONF_WATCHASYNC_PB)|def(CONF_WATCHASYNC_EDGDETECTVIAPOLLING))&(!def(CONF_WATCHASYNC_PA)|def(CONF_WATCHASYNC_EDGDETECTVIAPOLLING))&def(CONF_WATCHASYNC_PC)&!def(CONF_WATCHASYNC_EDGDETECTVIAPOLLING)))&((def(CONF_WATCHASYNC_PA)&!def(CONF_WATCHASYNC_EDGDETECTVIAPOLLING))|(def(CONF_WATCHASYNC_PB)&!def(CONF_WATCHASYNC_EDGDETECTVIAPOLLING)))&((def(CONF_WATCHASYNC_PC)&!def(CONF_WATCHASYNC_EDGDETECTVIAPOLLING))|(def(CONF_WATCHASYNC_PD)&!def(CONF_WATCHASYNC_EDGDETECTVIAPOLLING))|(def(CONF_WATCHASYNC_PB)&!def(CONF_WATCHASYNC_EDGDETECTVIAPOLLING))|(def(CONF_WATCHASYNC_PA)&!def(CONF_WATCHASYNC_EDGDETECTVIAPOLLING)))&!def(CONF_WATCHASYNC_EDGDETECTVIAPOLLING)),True
True,(def(MCUF_CLEAN_SUPPORT)&def(MCUF_MODUL_SUPPORT)&((def(MCUF_SPIRAL_SUPPORT)&def(MCUF_MODUL_SUPPORT))|(def(MCUF_CLEAN_SUPPORT)&def(MCUF_MODUL_SUPPORT))))
!def(CONF_WATCHASYNC_SUMMARIZE),True
!def(DEBUG_CRON_DRYRUN),True
def(ROUTER_SUPPORT),True
def(CONF_WATCHASYNC_PC),((!def(CONF_WATCHASYNC_PA)|def(CONF_WATCHASYNC_EDGDETECTVIAPOLLING))&(!def(CONF_WATCHASYNC_PB)|def(CONF_WATCHASYNC_EDGDETECTVIAPOLLING))&((def(CONF_WATCHASYNC_PA)&!def(CONF_WATCHASYNC_EDGDETECTVIAPOLLING))|(def(CONF_WATCHASYNC_PB)&!def(CONF_WATCHASYNC_EDGDETECTVIAPOLLING))|((!def(CONF_WATCHASYNC_PB)|def(CONF_WATCHASYNC_EDGDETECTVIAPOLLING))&(!def(CONF_WATCHASYNC_PA)|def(CONF_WATCHASYNC_EDGDETECTVIAPOLLING))&def(CONF_WATCHASYNC_PC)&!def(CONF_WATCHASYNC_EDGDETECTVIAPOLLING)))&((def(CONF_WATCHASYNC_PC)&!def(CONF_WATCHASYNC_EDGDETECTVIAPOLLING))|(def(CONF_WATCHASYNC_PD)&!def(CONF_WATCHASYNC_EDGDETECTVIAPOLLING))|(def(CONF_WATCHASYNC_PB)&!def(CONF_WATCHASYNC_EDGDETECTVIAPOLLING))|(def(CONF_WATCHASYNC_PA)&!def(CONF_WATCHASYNC_EDGDETECTVIAPOLLING)))&!def(CONF_WATCHASYNC_EDGDETECTVIAPOLLING))
(def(RFM12_ASK_2272_SUPPORT)&def(RFM12_ASK_SENDER_SUPPORT)),(def(RFM12_ASK_2272_SUPPORT)&def(RFM12_ASK_SENDER_SUPPORT)&def(TEENSY_SUPPORT))
def(I2C_PCF8574X_SUPPORT),True
(def(CONF_WATCHASYNC_PC5)&((def(CONF_WATCHASYNC_PA)&!def(CONF_WATCHASYNC_EDGDETECTVIAPOLLING))|(def(CONF_WATCHASYNC_PB)&!def(CONF_WATCHASYNC_EDGDETECTVIAPOLLING))|((!def(CONF_WATCHASYNC_PB)|def(CONF_WATCHASYNC_EDGDETECTVIAPOLLING))&(!def(CONF_WATCHASYNC_PA)|def(CONF_WATCHASYNC_EDGDETECTVIAPOLLING))&def(CONF_WATCHASYNC_PC)&!def(CONF_WATCHASYNC_EDGDETECTVIAPOLLING)))&def(CONF_WATCHASYNC_PC)&((def(CONF_WATCHASYNC_PA)&!def(CONF_WATCHASYNC_EDGDETECTVIAPOLLING))|(def(CONF_WATCHASYNC_PB)&!def(CONF_WATCHASYNC_EDGDETECTVIAPOLLING)))&((def(CONF_WATCHASYNC_PC)&!def(CONF_WATCHASYNC_EDGDETECTVIAPOLLING))|(def(CONF_WATCHASYNC_PD)&!def(CONF_WATCHASYNC_EDGDETECTVIAPOLLING))|(def(CONF_WATCHASYNC_PB)&!def(CONF_WATCHASYNC_EDGDETECTVIAPOLLING))|(def(CONF_WATCHASYNC_PA)&!def(CONF_WATCHASYNC_EDGDETECTVIAPOLLING)))&!def(CONF_WATCHASYNC_EDGDETECTVIAPOLLING)),True
def(CONF_WATCHASYNC_PD),(((def(CONF_WATCHASYNC_PA)&!def(CONF_WATCHASYNC_EDGDETECTVIAPOLLING))|(def(CONF_WATCHASYNC_PB)&!def(CONF_WATCHASYNC_EDGDETECTVIAPOLLING))|!def(CONF_WATCHASYNC_PC)|def(CONF_WATCHASYNC_EDGDETECTVIAPOLLING))&(!def(CONF_WATCHASYNC_PA)|def(CONF_WATCHASYNC_EDGDETECTVIAPOLLING))&(!def(CONF_WATCHASYNC_PB)|def(CONF_WATCHASYNC_EDGDETECTVIAPOLLING))&((def(CONF_WATCHASYNC_PC)&!def(CONF_WATCHASYNC_EDGDETECTVIAPOLLING))|(def(CONF_WATCHASYNC_PD)&!def(CONF_WATCHASYNC_EDGDETECTVIAPOLLING))|(def(CONF_WATCHASYNC_PB)&!def(CONF_WATCHASYNC_EDGDETECTVIAPOLLING))|(def(CONF_WATCHASYNC_PA)&!def(CONF_WATCHASYNC_EDGDETECTVIAPOLLING)))&!def(CONF_WATCHASYNC_EDGDETECTVIAPOLLING))
def(DNS_SUPPORT),True
(def(CONF_WATCHASYNC_PA)&((def(CONF_WATCHASYNC_PA)&!def(CONF_WATCHASYNC_EDGDETECTVIAPOLLING))|(def(CONF_WATCHASYNC_PB)&!def(CONF_WATCHASYNC_EDGDETECTVIAPOLLING))|((!def(CONF_WATCHASYNC_PB)|def(CONF_WATCHASYNC_EDGDETECTVIAPOLLING))&(!def(CONF_WATCHASYNC_PA)|def(CONF_WATCHASYNC_EDGDETECTVIAPOLLING))&def(CONF_WATCHASYNC_PC)&!def(CONF_WATCHASYNC_EDGDETECTVIAPOLLING)))&((def(CONF_WATCHASYNC_PA)&!def(CONF_WATCHASYNC_EDGDETECTVIAPOLLING))|(def(CONF_WATCHASYNC_PB)&!def(CONF_WATCHASYNC_EDGDETECTVIAPOLLING)))&def(CONF_WATCHASYNC_PB)&((def(CONF_WATCHASYNC_PC)&!def(CONF_WATCHASYNC_EDGDETECTVIAPOLLING))|(def(CONF_WATCHASYNC_PD)&!def(CONF_WATCHASYNC_EDGDETECTVIAPOLLING))|(def(CONF_WATCHASYNC_PB)&!def(CONF_WATCHASYNC_EDGDETECTVIAPOLLING))|(def(CONF_WATCHASYNC_PA)&!def(CONF_WATCHASYNC_EDGDETECTVIAPOLLING)))&!def(CONF_WATCHASYNC_EDGDETECTVIAPOLLING)),def(CONF_WATCHASYNC_PB)
def(DUAL_HBRIDGE_SUPPORT),!def(DUAL_HBRIDGE_SUPPORT)
def(USB_NET_SUPPORT),True
((!def(CONF_WATCHASYNC_PA)|def(CONF_WATCHASYNC_EDGDETECTVIAPOLLING))&((def(CONF_WATCHASYNC_PA)&!def(CONF_WATCHASYNC_EDGDETECTVIAPOLLING))|(def(CONF_WATCHASYNC_PB)&!def(CONF_WATCHASYNC_EDGDETECTVIAPOLLING))|((!def(CONF_WATCHASYNC_PB)|def(CONF_WATCHASYNC_EDGDETECTVIAPOLLING))&(!def(CONF_WATCHASYNC_PA)|def(CONF_WATCHASYNC_EDGDETECTVIAPOLLING))&def(CONF_WATCHASYNC_PC)&!def(CONF_WATCHASYNC_EDGDETECTVIAPOLLING)))&def(CONF_WATCHASYNC_PB)&((def(CONF_WATCHASYNC_PC)&!def(CONF_WATCHASYNC_EDGDETECTVIAPOLLING))|(def(CONF_WATCHASYNC_PD)&!def(CONF_WATCHASYNC_EDGDETECTVIAPOLLING))|(def(CONF_WATCHASYNC_PB)&!def(CONF_WATCHASYNC_EDGDETECTVIAPOLLING))|(def(CONF_WATCHASYNC_PA)&!def(CONF_WATCHASYNC_EDGDETECTVIAPOLLING)))&!def(CONF_WATCHASYNC_EDGDETECTVIAPOLLING)),def(CONF_WATCHASYNC_PB)
((!def(CONF_WATCHASYNC_PA)|def(CONF_WATCHASYNC_EDGDETECTVIAPOLLING))&def(CONF_WATCHASYNC_PB4)&((def(CONF_WATCHASYNC_PA)&!def(CONF_WATCHASYNC_EDGDETECTVIAPOLLING))|(def(CONF_WATCHASYNC_PB)&!def(CONF_WATCHASYNC_EDGDETECTVIAPOLLING))|((!def(CONF_WATCHASYNC_PB)|def(CONF_WATCHASYNC_EDGDETECTVIAPOLLING))&(!def(CONF_WATCHASYNC_PA)|def(CONF_WATCHASYNC_EDGDETECTVIAPOLLING))&def(CONF_WATCHASYNC_PC)&!def(CONF_WATCHASYNC_EDGDETECTVIAPOLLING)))&def(CONF_WATCHASYNC_PB)&((def(CONF_WATCHASYNC_PC)&!def(CONF_WATCHASYNC_EDGDETECTVIAPOLLING))|(def(CONF_WATCHASYNC_PD)&!def(CONF_WATCHASYNC_EDGDETECTVIAPOLLING))|(def(CONF_WATCHASYNC_PB)&!def(CONF_WATCHASYNC_EDGDETECTVIAPOLLING))|(def(CONF_WATCHASYNC_PA)&!def(CONF_WATCHASYNC_EDGDETECTVIAPOLLING)))&!def(CONF_WATCHASYNC_EDGDETECTVIAPOLLING)),True
True,def(USB_NET_SUPPORT)
!def(IPV6_SUPPORT),True
(def(CONF_WATCHASYNC_PD)&((def(CONF_WATCHASYNC_PA)&!def(CONF_WATCHASYNC_EDGDETECTVIAPOLLING))|(def(CONF_WATCHASYNC_PB)&!def(CONF_WATCHASYNC_EDGDETECTVIAPOLLING))|((!def(CONF_WATCHASYNC_PB)|def(CONF_WATCHASYNC_EDGDETECTVIAPOLLING))&(!def(CONF_WATCHASYNC_PA)|def(CONF_WATCHASYNC_EDGDETECTVIAPOLLING))&def(CONF_WATCHASYNC_PC)&!def(CONF_WATCHASYNC_EDGDETECTVIAPOLLING)))&def(CONF_WATCHASYNC_PD0)&((def(CONF_WATCHASYNC_PC)&!def(CONF_WATCHASYNC_EDGDETECTVIAPOLLING))|(def(CONF_WATCHASYNC_PD)&!def(CONF_WATCHASYNC_EDGDETECTVIAPOLLING))|(def(CONF_WATCHASYNC_PB)&!def(CONF_WATCHASYNC_EDGDETECTVIAPOLLING))|(def(CONF_WATCHASYNC_PA)&!def(CONF_WATCHASYNC_EDGDETECTVIAPOLLING)))&!def(CONF_WATCHASYNC_EDGDETECTVIAPOLLING)),True
def(TFTPOMATIC_SUPPORT),def(BOOTLOADER_SUPPORT)
def(ECMD_USB_SUPPORT),def(PS2_SUPPORT)
(def(ZBUS_RAW_SUPPORT)&def(ROUTER_SUPPORT)),True
(def(CONF_WATCHASYNC_SUMMARIZE)&((!def(CONF_WATCHASYNC_EDGDETECTVIAPOLLING)&((def(CONF_WATCHASYNC_PC)&!def(CONF_WATCHASYNC_EDGDETECTVIAPOLLING))|(def(CONF_WATCHASYNC_PD)&!def(CONF_WATCHASYNC_EDGDETECTVIAPOLLING))|(def(CONF_WATCHASYNC_PB)&!def(CONF_WATCHASYNC_EDGDETECTVIAPOLLING))|(def(CONF_WATCHASYNC_PA)&!def(CONF_WATCHASYNC_EDGDETECTVIAPOLLING))))|((!def(CONF_WATCHASYNC_PA)|def(CONF_WATCHASYNC_EDGDETECTVIAPOLLING))&(!def(CONF_WATCHASYNC_PC)|def(CONF_WATCHASYNC_EDGDETECTVIAPOLLING))&(!def(CONF_WATCHASYNC_PB)|def(CONF_WATCHASYNC_EDGDETECTVIAPOLLING))&(!def(CONF_WATCHASYNC_PD)|def(CONF_WATCHASYNC_EDGDETECTVIAPOLLING))&!def(CONF_WATCHASYNC_EDGDETECTVIAPOLLING)))),True
def(RFM12_DISABLE),True
(def(CONF_WATCHASYNC_PA)&def(CONF_WATCHASYNC_PB4)&((def(CONF_WATCHASYNC_PA)&!def(CONF_WATCHASYNC_EDGDETECTVIAPOLLING))|(def(CONF_WATCHASYNC_PB)&!def(CONF_WATCHASYNC_EDGDETECTVIAPOLLING))|((!def(CONF_WATCHASYNC_PB)|def(CONF_WATCHASYNC_EDGDETECTVIAPOLLING))&(!def(CONF_WATCHASYNC_PA)|def(CONF_WATCHASYNC_EDGDETECTVIAPOLLING))&def(CONF_WATCHASYNC_PC)&!def(CONF_WATCHASYNC_EDGDETECTVIAPOLLING)))&((def(CONF_WATCHASYNC_PA)&!def(CONF_WATCHASYNC_EDGDETECTVIAPOLLING))|(def(CONF_WATCHASYNC_PB)&!def(CONF_WATCHASYNC_EDGDETECTVIAPOLLING)))&def(CONF_WATCHASYNC_PB)&((def(CONF_WATCHASYNC_PC)&!def(CONF_WATCHASYNC_EDGDETECTVIAPOLLING))|(def(CONF_WATCHASYNC_PD)&!def(CONF_WATCHASYNC_EDGDETECTVIAPOLLING))|(def(CONF_WATCHASYNC_PB)&!def(CONF_WATCHASYNC_EDGDETECTVIAPOLLING))|(def(CONF_WATCHASYNC_PA)&!def(CONF_WATCHASYNC_EDGDETECTVIAPOLLING)))&!def(CONF_WATCHASYNC_EDGDETECTVIAPOLLING)),True
(!def(CONF_WATCHASYNC_SUMMARIZE)&(def(CONF_WATCHASYNC_EDGDETECTVIAPOLLING)|((!def(CONF_WATCHASYNC_PD)|def(CONF_WATCHASYNC_EDGDETECTVIAPOLLING))&(!def(CONF_WATCHASYNC_PC)|def(CONF_WATCHASYNC_EDGDETECTVIAPOLLING))&(!def(CONF_WATCHASYNC_PB)|def(CONF_WATCHASYNC_EDGDETECTVIAPOLLING))&(!def(CONF_WATCHASYNC_PA)|def(CONF_WATCHASYNC_EDGDETECTVIAPOLLING))))&(!def(CONF_WATCHASYNC_PA)|def(CONF_WATCHASYNC_EDGDETECTVIAPOLLING))&(!def(CONF_WATCHASYNC_PC)|def(CONF_WATCHASYNC_EDGDETECTVIAPOLLING))&(!def(CONF_WATCHASYNC_PB)|def(CONF_WATCHASYNC_EDGDETECTVIAPOLLING))&(!def(CONF_WATCHASYNC_PD)|def(CONF_WATCHASYNC_EDGDETECTVIAPOLLING))&!def(CONF_WATCHASYNC_EDGDETECTVIAPOLLING)),True
(def(CONF_WATCHASYNC_PC4)&((def(CONF_WATCHASYNC_PA)&!def(CONF_WATCHASYNC_EDGDETECTVIAPOLLING))|(def(CONF_WATCHASYNC_PB)&!def(CONF_WATCHASYNC_EDGDETECTVIAPOLLING))|((!def(CONF_WATCHASYNC_PB)|def(CONF_WATCHASYNC_EDGDETECTVIAPOLLING))&(!def(CONF_WATCHASYNC_PA)|def(CONF_WATCHASYNC_EDGDETECTVIAPOLLING))&def(CONF_WATCHASYNC_PC)&!def(CONF_WATCHASYNC_EDGDETECTVIAPOLLING)))&def(CONF_WATCHASYNC_PC)&((def(CONF_WATCHASYNC_PA)&!def(CONF_WATCHASYNC_EDGDETECTVIAPOLLING))|(def(CONF_WATCHASYNC_PB)&!def(CONF_WATCHASYNC_EDGDETECTVIAPOLLING)))&((def(CONF_WATCHASYNC_PC)&!def(CONF_WATCHASYNC_EDGDETECTVIAPOLLING))|(def(CONF_WATCHASYNC_PD)&!def(CONF_WATCHASYNC_EDGDETECTVIAPOLLING))|(def(CONF_WATCHASYNC_PB)&!def(CONF_WATCHASYNC_EDGDETECTVIAPOLLING))|(def(CONF_WATCHASYNC_PA)&!def(CONF_WATCHASYNC_EDGDETECTVIAPOLLING)))&!def(CONF_WATCHASYNC_EDGDETECTVIAPOLLING)),True
(!def(RFM12_IP_SUPPORT)&def(CONF_RFM12B_SUPPORT)),True
def(HD44780_READBACK),def(PS2_SUPPORT)
(!def(DEBUG)&def(LARGESCREEN)),True
def(MCUF_SCROLLTEXT_SUPPORT),True
def(ECMD_USB_SUPPORT),(def(WIN32)&!def(unix))
True,!def(DEBUG)
(((def(CONF_WATCHASYNC_PA)&!def(CONF_WATCHASYNC_EDGDETECTVIAPOLLING))|(def(CONF_WATCHASYNC_PB)&!def(CONF_WATCHASYNC_EDGDETECTVIAPOLLING))|!def(CONF_WATCHASYNC_PC)|def(CONF_WATCHASYNC_EDGDETECTVIAPOLLING))&(!def(CONF_WATCHASYNC_PA)|def(CONF_WATCHASYNC_EDGDETECTVIAPOLLING))&(!def(CONF_WATCHASYNC_PC)|def(CONF_WATCHASYNC_EDGDETECTVIAPOLLING))&def(CONF_WATCHASYNC_PD)&(!def(CONF_WATCHASYNC_PB)|def(CONF_WATCHASYNC_EDGDETECTVIAPOLLING))&def(CONF_WATCHASYNC_PD6)&((def(CONF_WATCHASYNC_PC)&!def(CONF_WATCHASYNC_EDGDETECTVIAPOLLING))|(def(CONF_WATCHASYNC_PD)&!def(CONF_WATCHASYNC_EDGDETECTVIAPOLLING))|(def(CONF_WATCHASYNC_PB)&!def(CONF_WATCHASYNC_EDGDETECTVIAPOLLING))|(def(CONF_WATCHASYNC_PA)&!def(CONF_WATCHASYNC_EDGDETECTVIAPOLLING)))&!def(CONF_WATCHASYNC_EDGDETECTVIAPOLLING)),True
def(CONF_WATCHASYNC_PB),(def(CONF_WATCHASYNC_PA)&((def(CONF_WATCHASYNC_PA)&!def(CONF_WATCHASYNC_EDGDETECTVIAPOLLING))|(def(CONF_WATCHASYNC_PB)&!def(CONF_WATCHASYNC_EDGDETECTVIAPOLLING))|((!def(CONF_WATCHASYNC_PB)|def(CONF_WATCHASYNC_EDGDETECTVIAPOLLING))&(!def(CONF_WATCHASYNC_PA)|def(CONF_WATCHASYNC_EDGDETECTVIAPOLLING))&def(CONF_WATCHASYNC_PC)&!def(CONF_WATCHASYNC_EDGDETECTVIAPOLLING)))&((def(CONF_WATCHASYNC_PA)&!def(CONF_WATCHASYNC_EDGDETECTVIAPOLLING))|(def(CONF_WATCHASYNC_PB)&!def(CONF_WATCHASYNC_EDGDETECTVIAPOLLING)))&def(CONF_WATCHASYNC_PB)&((def(CONF_WATCHASYNC_PC)&!def(CONF_WATCHASYNC_EDGDETECTVIAPOLLING))|(def(CONF_WATCHASYNC_PD)&!def(CONF_WATCHASYNC_EDGDETECTVIAPOLLING))|(def(CONF_WATCHASYNC_PB)&!def(CONF_WATCHASYNC_EDGDETECTVIAPOLLING))|(def(CONF_WATCHASYNC_PA)&!def(CONF_WATCHASYNC_EDGDETECTVIAPOLLING)))&!def(CONF_WATCHASYNC_EDGDETECTVIAPOLLING))
(def(CONF_WATCHASYNC_PA)&((def(CONF_WATCHASYNC_PA)&!def(CONF_WATCHASYNC_EDGDETECTVIAPOLLING))|(def(CONF_WATCHASYNC_PB)&!def(CONF_WATCHASYNC_EDGDETECTVIAPOLLING))|((!def(CONF_WATCHASYNC_PB)|def(CONF_WATCHASYNC_EDGDETECTVIAPOLLING))&(!def(CONF_WATCHASYNC_PA)|def(CONF_WATCHASYNC_EDGDETECTVIAPOLLING))&def(CONF_WATCHASYNC_PC)&!def(CONF_WATCHASYNC_EDGDETECTVIAPOLLING)))&((def(CONF_WATCHASYNC_PA)&!def(CONF_WATCHASYNC_EDGDETECTVIAPOLLING))|(def(CONF_WATCHASYNC_PB)&!def(CONF_WATCHASYNC_EDGDETECTVIAPOLLING)))&def(CONF_WATCHASYNC_PB3)&def(CONF_WATCHASYNC_PB)&((def(CONF_WATCHASYNC_PC)&!def(CONF_WATCHASYNC_EDGDETECTVIAPOLLING))|(def(CONF_WATCHASYNC_PD)&!def(CONF_WATCHASYNC_EDGDETECTVIAPOLLING))|(def(CONF_WATCHASYNC_PB)&!def(CONF_WATCHASYNC_EDGDETECTVIAPOLLING))|(def(CONF_WATCHASYNC_PA)&!def(CONF_WATCHASYNC_EDGDETECTVIAPOLLING)))&!def(CONF_WATCHASYNC_EDGDETECTVIAPOLLING)),True
!def(DC3840_HIGH_COMPRESSION),True
(((def(CONF_WATCHASYNC_PA)&!def(CONF_WATCHASYNC_EDGDETECTVIAPOLLING))|(def(CONF_WATCHASYNC_PB)&!def(CONF_WATCHASYNC_EDGDETECTVIAPOLLING))|!def(CONF_WATCHASYNC_PC)|def(CONF_WATCHASYNC_EDGDETECTVIAPOLLING))&(!def(CONF_WATCHASYNC_PA)|def(CONF_WATCHASYNC_EDGDETECTVIAPOLLING))&(!def(CONF_WATCHASYNC_PB)|def(CONF_WATCHASYNC_EDGDETECTVIAPOLLING))&((def(CONF_WATCHASYNC_PC)&!def(CONF_WATCHASYNC_EDGDETECTVIAPOLLING))|(def(CONF_WATCHASYNC_PD)&!def(CONF_WATCHASYNC_EDGDETECTVIAPOLLING))|(def(CONF_WATCHASYNC_PB)&!def(CONF_WATCHASYNC_EDGDETECTVIAPOLLING))|(def(CONF_WATCHASYNC_PA)&!def(CONF_WATCHASYNC_EDGDETECTVIAPOLLING)))&!def(CONF_WATCHASYNC_EDGDETECTVIAPOLLING)),def(CONF_WATCHASYNC_PD)
def(I2C_LM75_SUPPORT),True
def(DEBUG),(!def(DEBUG)&def(LARGESCREEN))
(def(DNS_SUPPORT)&((!def(CONF_WATCHASYNC_EDGDETECTVIAPOLLING)&((def(CONF_WATCHASYNC_PC)&!def(CONF_WATCHASYNC_EDGDETECTVIAPOLLING))|(def(CONF_WATCHASYNC_PD)&!def(CONF_WATCHASYNC_EDGDETECTVIAPOLLING))|(def(CONF_WATCHASYNC_PB)&!def(CONF_WATCHASYNC_EDGDETECTVIAPOLLING))|(def(CONF_WATCHASYNC_PA)&!def(CONF_WATCHASYNC_EDGDETECTVIAPOLLING))))|((!def(CONF_WATCHASYNC_PA)|def(CONF_WATCHASYNC_EDGDETECTVIAPOLLING))&(!def(CONF_WATCHASYNC_PC)|def(CONF_WATCHASYNC_EDGDETECTVIAPOLLING))&(!def(CONF_WATCHASYNC_PB)|def(CONF_WATCHASYNC_EDGDETECTVIAPOLLING))&(!def(CONF_WATCHASYNC_PD)|def(CONF_WATCHASYNC_EDGDETECTVIAPOLLING))&!def(CONF_WATCHASYNC_EDGDETECTVIAPOLLING)))),def(DNS_SUPPORT)
def(SRAM_MEMTEST_ON_BOOT),True
!def(RFM12_IP_SUPPORT),True
!def(TEENSY_SUPPORT),True
def(USB_NET_SUPPORT),def(ROUTER_SUPPORT)
def(DEBUG),!def(DEBUG)
!def(DISABLE_IPCONF_SUPPORT),True
(def(CONF_WATCHASYNC_PB7)&(!def(CONF_WATCHASYNC_PA)|def(CONF_WATCHASYNC_EDGDETECTVIAPOLLING))&((def(CONF_WATCHASYNC_PA)&!def(CONF_WATCHASYNC_EDGDETECTVIAPOLLING))|(def(CONF_WATCHASYNC_PB)&!def(CONF_WATCHASYNC_EDGDETECTVIAPOLLING))|((!def(CONF_WATCHASYNC_PB)|def(CONF_WATCHASYNC_EDGDETECTVIAPOLLING))&(!def(CONF_WATCHASYNC_PA)|def(CONF_WATCHASYNC_EDGDETECTVIAPOLLING))&def(CONF_WATCHASYNC_PC)&!def(CONF_WATCHASYNC_EDGDETECTVIAPOLLING)))&def(CONF_WATCHASYNC_PB)&((def(CONF_WATCHASYNC_PC)&!def(CONF_WATCHASYNC_EDGDETECTVIAPOLLING))|(def(CONF_WATCHASYNC_PD)&!def(CONF_WATCHASYNC_EDGDETECTVIAPOLLING))|(def(CONF_WATCHASYNC_PB)&!def(CONF_WATCHASYNC_EDGDETECTVIAPOLLING))|(def(CONF_WATCHASYNC_PA)&!def(CONF_WATCHASYNC_EDGDETECTVIAPOLLING)))&!def(CONF_WATCHASYNC_EDGDETECTVIAPOLLING)),True
def(USB_NET_SUPPORT),(def(WIN32)&!def(unix))
def(DC3840_UDP_DEBUG),True
def(DC3840_HIGH_COMPRESSION),True
def(HTTPD_SOAP_SUPPORT),True
((!def(CONF_WATCHASYNC_PA)|def(CONF_WATCHASYNC_EDGDETECTVIAPOLLING))&def(CONF_WATCHASYNC_PC0)&(!def(CONF_WATCHASYNC_PB)|def(CONF_WATCHASYNC_EDGDETECTVIAPOLLING))&((def(CONF_WATCHASYNC_PA)&!def(CONF_WATCHASYNC_EDGDETECTVIAPOLLING))|(def(CONF_WATCHASYNC_PB)&!def(CONF_WATCHASYNC_EDGDETECTVIAPOLLING))|((!def(CONF_WATCHASYNC_PB)|def(CONF_WATCHASYNC_EDGDETECTVIAPOLLING))&(!def(CONF_WATCHASYNC_PA)|def(CONF_WATCHASYNC_EDGDETECTVIAPOLLING))&def(CONF_WATCHASYNC_PC)&!def(CONF_WATCHASYNC_EDGDETECTVIAPOLLING)))&def(CONF_WATCHASYNC_PC)&((def(CONF_WATCHASYNC_PC)&!def(CONF_WATCHASYNC_EDGDETECTVIAPOLLING))|(def(CONF_WATCHASYNC_PD)&!def(CONF_WATCHASYNC_EDGDETECTVIAPOLLING))|(def(CONF_WATCHASYNC_PB)&!def(CONF_WATCHASYNC_EDGDETECTVIAPOLLING))|(def(CONF_WATCHASYNC_PA)&!def(CONF_WATCHASYNC_EDGDETECTVIAPOLLING)))&!def(CONF_WATCHASYNC_EDGDETECTVIAPOLLING)),True
def(USB_NET_SUPPORT),def(PS2_SUPPORT)
def(I2C_MAX7311_SUPPORT),True
(def(USB_HID_KEYBOARD_ECMD_SUPPORT)&def(USB_KEYBOARD_SUPPORT)),def(PS2_SUPPORT)
(def(CONF_WATCHASYNC_PD1)&def(CONF_WATCHASYNC_PD)&((def(CONF_WATCHASYNC_PA)&!def(CONF_WATCHASYNC_EDGDETECTVIAPOLLING))|(def(CONF_WATCHASYNC_PB)&!def(CONF_WATCHASYNC_EDGDETECTVIAPOLLING))|((!def(CONF_WATCHASYNC_PB)|def(CONF_WATCHASYNC_EDGDETECTVIAPOLLING))&(!def(CONF_WATCHASYNC_PA)|def(CONF_WATCHASYNC_EDGDETECTVIAPOLLING))&def(CONF_WATCHASYNC_PC)&!def(CONF_WATCHASYNC_EDGDETECTVIAPOLLING)))&((def(CONF_WATCHASYNC_PC)&!def(CONF_WATCHASYNC_EDGDETECTVIAPOLLING))|(def(CONF_WATCHASYNC_PD)&!def(CONF_WATCHASYNC_EDGDETECTVIAPOLLING))|(def(CONF_WATCHASYNC_PB)&!def(CONF_WATCHASYNC_EDGDETECTVIAPOLLING))|(def(CONF_WATCHASYNC_PA)&!def(CONF_WATCHASYNC_EDGDETECTVIAPOLLING)))&!def(CONF_WATCHASYNC_EDGDETECTVIAPOLLING)),True
(!def(SOFT_UART_SUPPORT)&!def(DEBUG_USE_SYSLOG)),True
def(MCUF_CHESS_SUPPORT),True
(((def(CONF_WATCHASYNC_PA)&!def(CONF_WATCHASYNC_EDGDETECTVIAPOLLING))|(def(CONF_WATCHASYNC_PB)&!def(CONF_WATCHASYNC_EDGDETECTVIAPOLLING))|((!def(CONF_WATCHASYNC_PB)|def(CONF_WATCHASYNC_EDGDETECTVIAPOLLING))&(!def(CONF_WATCHASYNC_PA)|def(CONF_WATCHASYNC_EDGDETECTVIAPOLLING))&def(CONF_WATCHASYNC_PC)&!def(CONF_WATCHASYNC_EDGDETECTVIAPOLLING)))&def(CONF_WATCHASYNC_PC)&((def(CONF_WATCHASYNC_PA)&!def(CONF_WATCHASYNC_EDGDETECTVIAPOLLING))|(def(CONF_WATCHASYNC_PB)&!def(CONF_WATCHASYNC_EDGDETECTVIAPOLLING)))&((def(CONF_WATCHASYNC_PC)&!def(CONF_WATCHASYNC_EDGDETECTVIAPOLLING))|(def(CONF_WATCHASYNC_PD)&!def(CONF_WATCHASYNC_EDGDETECTVIAPOLLING))|(def(CONF_WATCHASYNC_PB)&!def(CONF_WATCHASYNC_EDGDETECTVIAPOLLING))|(def(CONF_WATCHASYNC_PA)&!def(CONF_WATCHASYNC_EDGDETECTVIAPOLLING)))&!def(CONF_WATCHASYNC_EDGDETECTVIAPOLLING)),def(CONF_WATCHASYNC_PC)
(def(CONF_WATCHASYNC_PA)&def(CONF_WATCHASYNC_PA1)&((def(CONF_WATCHASYNC_PA)&!def(CONF_WATCHASYNC_EDGDETECTVIAPOLLING))|(def(CONF_WATCHASYNC_PB)&!def(CONF_WATCHASYNC_EDGDETECTVIAPOLLING))|((!def(CONF_WATCHASYNC_PB)|def(CONF_WATCHASYNC_EDGDETECTVIAPOLLING))&(!def(CONF_WATCHASYNC_PA)|def(CONF_WATCHASYNC_EDGDETECTVIAPOLLING))&def(CONF_WATCHASYNC_PC)&!def(CONF_WATCHASYNC_EDGDETECTVIAPOLLING)))&((def(CONF_WATCHASYNC_PA)&!def(CONF_WATCHASYNC_EDGDETECTVIAPOLLING))|(def(CONF_WATCHASYNC_PB)&!def(CONF_WATCHASYNC_EDGDETECTVIAPOLLING)))&((def(CONF_WATCHASYNC_PC)&!def(CONF_WATCHASYNC_EDGDETECTVIAPOLLING))|(def(CONF_WATCHASYNC_PD)&!def(CONF_WATCHASYNC_EDGDETECTVIAPOLLING))|(def(CONF_WATCHASYNC_PB)&!def(CONF_WATCHASYNC_EDGDETECTVIAPOLLING))|(def(CONF_WATCHASYNC_PA)&!def(CONF_WATCHASYNC_EDGDETECTVIAPOLLING)))&!def(CONF_WATCHASYNC_EDGDETECTVIAPOLLING)),True
(def(CONF_WATCHASYNC_PC0)&((def(CONF_WATCHASYNC_PA)&!def(CONF_WATCHASYNC_EDGDETECTVIAPOLLING))|(def(CONF_WATCHASYNC_PB)&!def(CONF_WATCHASYNC_EDGDETECTVIAPOLLING))|((!def(CONF_WATCHASYNC_PB)|def(CONF_WATCHASYNC_EDGDETECTVIAPOLLING))&(!def(CONF_WATCHASYNC_PA)|def(CONF_WATCHASYNC_EDGDETECTVIAPOLLING))&def(CONF_WATCHASYNC_PC)&!def(CONF_WATCHASYNC_EDGDETECTVIAPOLLING)))&def(CONF_WATCHASYNC_PC)&((def(CONF_WATCHASYNC_PA)&!def(CONF_WATCHASYNC_EDGDETECTVIAPOLLING))|(def(CONF_WATCHASYNC_PB)&!def(CONF_WATCHASYNC_EDGDETECTVIAPOLLING)))&((def(CONF_WATCHASYNC_PC)&!def(CONF_WATCHASYNC_EDGDETECTVIAPOLLING))|(def(CONF_WATCHASYNC_PD)&!def(CONF_WATCHASYNC_EDGDETECTVIAPOLLING))|(def(CONF_WATCHASYNC_PB)&!def(CONF_WATCHASYNC_EDGDETECTVIAPOLLING))|(def(CONF_WATCHASYNC_PA)&!def(CONF_WATCHASYNC_EDGDETECTVIAPOLLING)))&!def(CONF_WATCHASYNC_EDGDETECTVIAPOLLING)),True
True,!def(IPV6_SUPPORT)
(def(CONF_WATCHASYNC_PA)&((def(CONF_WATCHASYNC_PA)&!def(CONF_WATCHASYNC_EDGDETECTVIAPOLLING))|(def(CONF_WATCHASYNC_PB)&!def(CONF_WATCHASYNC_EDGDETECTVIAPOLLING))|((!def(CONF_WATCHASYNC_PB)|def(CONF_WATCHASYNC_EDGDETECTVIAPOLLING))&(!def(CONF_WATCHASYNC_PA)|def(CONF_WATCHASYNC_EDGDETECTVIAPOLLING))&def(CONF_WATCHASYNC_PC)&!def(CONF_WATCHASYNC_EDGDETECTVIAPOLLING)))&((def(CONF_WATCHASYNC_PA)&!def(CONF_WATCHASYNC_EDGDETECTVIAPOLLING))|(def(CONF_WATCHASYNC_PB)&!def(CONF_WATCHASYNC_EDGDETECTVIAPOLLING)))&((def(CONF_WATCHASYNC_PC)&!def(CONF_WATCHASYNC_EDGDETECTVIAPOLLING))|(def(CONF_WATCHASYNC_PD)&!def(CONF_WATCHASYNC_EDGDETECTVIAPOLLING))|(def(CONF_WATCHASYNC_PB)&!def(CONF_WATCHASYNC_EDGDETECTVIAPOLLING))|(def(CONF_WATCHASYNC_PA)&!def(CONF_WATCHASYNC_EDGDETECTVIAPOLLING)))&!def(CONF_WATCHASYNC_EDGDETECTVIAPOLLING)),def(CONF_WATCHASYNC_PA)
((!def(CONF_WATCHASYNC_PA)|def(CONF_WATCHASYNC_EDGDETECTVIAPOLLING))&def(CONF_WATCHASYNC_PB5)&((def(CONF_WATCHASYNC_PA)&!def(CONF_WATCHASYNC_EDGDETECTVIAPOLLING))|(def(CONF_WATCHASYNC_PB)&!def(CONF_WATCHASYNC_EDGDETECTVIAPOLLING))|((!def(CONF_WATCHASYNC_PB)|def(CONF_WATCHASYNC_EDGDETECTVIAPOLLING))&(!def(CONF_WATCHASYNC_PA)|def(CONF_WATCHASYNC_EDGDETECTVIAPOLLING))&def(CONF_WATCHASYNC_PC)&!def(CONF_WATCHASYNC_EDGDETECTVIAPOLLING)))&def(CONF_WATCHASYNC_PB)&((def(CONF_WATCHASYNC_PC)&!def(CONF_WATCHASYNC_EDGDETECTVIAPOLLING))|(def(CONF_WATCHASYNC_PD)&!def(CONF_WATCHASYNC_EDGDETECTVIAPOLLING))|(def(CONF_WATCHASYNC_PB)&!def(CONF_WATCHASYNC_EDGDETECTVIAPOLLING))|(def(CONF_WATCHASYNC_PA)&!def(CONF_WATCHASYNC_EDGDETECTVIAPOLLING)))&!def(CONF_WATCHASYNC_EDGDETECTVIAPOLLING)),True
def(CRON_SUPPORT_TEST),True
(((def(CONF_WATCHASYNC_PA)&!def(CONF_WATCHASYNC_EDGDETECTVIAPOLLING))|(def(CONF_WATCHASYNC_PB)&!def(CONF_WATCHASYNC_EDGDETECTVIAPOLLING))|!def(CONF_WATCHASYNC_PC)|def(CONF_WATCHASYNC_EDGDETECTVIAPOLLING))&(!def(CONF_WATCHASYNC_PA)|def(CONF_WATCHASYNC_EDGDETECTVIAPOLLING))&(!def(CONF_WATCHASYNC_PC)|def(CONF_WATCHASYNC_EDGDETECTVIAPOLLING))&def(CONF_WATCHASYNC_PD)&(!def(CONF_WATCHASYNC_PB)|def(CONF_WATCHASYNC_EDGDETECTVIAPOLLING))&((def(CONF_WATCHASYNC_PC)&!def(CONF_WATCHASYNC_EDGDETECTVIAPOLLING))|(def(CONF_WATCHASYNC_PD)&!def(CONF_WATCHASYNC_EDGDETECTVIAPOLLING))|(def(CONF_WATCHASYNC_PB)&!def(CONF_WATCHASYNC_EDGDETECTVIAPOLLING))|(def(CONF_WATCHASYNC_PA)&!def(CONF_WATCHASYNC_EDGDETECTVIAPOLLING)))&def(CONF_WATCHASYNC_PD5)&!def(CONF_WATCHASYNC_EDGDETECTVIAPOLLING)),True
!def(MDNS_SD_SUPPORT),def(ETHERNET_SUPPORT)
def(VFS_SUPPORT),def(HTTPD_AUTH_SUPPORT)
def(CONF_WATCHASYNC_PD),(!def(CONF_WATCHASYNC_EDGDETECTVIAPOLLING)&((def(CONF_WATCHASYNC_PC)&!def(CONF_WATCHASYNC_EDGDETECTVIAPOLLING))|(def(CONF_WATCHASYNC_PD)&!def(CONF_WATCHASYNC_EDGDETECTVIAPOLLING))|(def(CONF_WATCHASYNC_PB)&!def(CONF_WATCHASYNC_EDGDETECTVIAPOLLING))|(def(CONF_WATCHASYNC_PA)&!def(CONF_WATCHASYNC_EDGDETECTVIAPOLLING)))&((def(CONF_WATCHASYNC_PA)&!def(CONF_WATCHASYNC_EDGDETECTVIAPOLLING))|(def(CONF_WATCHASYNC_PB)&!def(CONF_WATCHASYNC_EDGDETECTVIAPOLLING))|((!def(CONF_WATCHASYNC_PB)|def(CONF_WATCHASYNC_EDGDETECTVIAPOLLING))&(!def(CONF_WATCHASYNC_PA)|def(CONF_WATCHASYNC_EDGDETECTVIAPOLLING))&def(CONF_WATCHASYNC_PC)&!def(CONF_WATCHASYNC_EDGDETECTVIAPOLLING)))&def(CONF_WATCHASYNC_PD))
(((def(CONF_WATCHASYNC_PA)&!def(CONF_WATCHASYNC_EDGDETECTVIAPOLLING))|(def(CONF_WATCHASYNC_PB)&!def(CONF_WATCHASYNC_EDGDETECTVIAPOLLING))|((!def(CONF_WATCHASYNC_PB)|def(CONF_WATCHASYNC_EDGDETECTVIAPOLLING))&(!def(CONF_WATCHASYNC_PA)|def(CONF_WATCHASYNC_EDGDETECTVIAPOLLING))&def(CONF_WATCHASYNC_PC)&!def(CONF_WATCHASYNC_EDGDETECTVIAPOLLING)))&def(CONF_WATCHASYNC_PC)&((def(CONF_WATCHASYNC_PA)&!def(CONF_WATCHASYNC_EDGDETECTVIAPOLLING))|(def(CONF_WATCHASYNC_PB)&!def(CONF_WATCHASYNC_EDGDETECTVIAPOLLING)))&def(CONF_WATCHASYNC_PC7)&((def(CONF_WATCHASYNC_PC)&!def(CONF_WATCHASYNC_EDGDETECTVIAPOLLING))|(def(CONF_WATCHASYNC_PD)&!def(CONF_WATCHASYNC_EDGDETECTVIAPOLLING))|(def(CONF_WATCHASYNC_PB)&!def(CONF_WATCHASYNC_EDGDETECTVIAPOLLING))|(def(CONF_WATCHASYNC_PA)&!def(CONF_WATCHASYNC_EDGDETECTVIAPOLLING)))&!def(CONF_WATCHASYNC_EDGDETECTVIAPOLLING)),True
(def(CONF_WATCHASYNC_PC4)&(!def(CONF_WATCHASYNC_PA)|def(CONF_WATCHASYNC_EDGDETECTVIAPOLLING))&(!def(CONF_WATCHASYNC_PB)|def(CONF_WATCHASYNC_EDGDETECTVIAPOLLING))&((def(CONF_WATCHASYNC_PA)&!def(CONF_WATCHASYNC_EDGDETECTVIAPOLLING))|(def(CONF_WATCHASYNC_PB)&!def(CONF_WATCHASYNC_EDGDETECTVIAPOLLING))|((!def(CONF_WATCHASYNC_PB)|def(CONF_WATCHASYNC_EDGDETECTVIAPOLLING))&(!def(CONF_WATCHASYNC_PA)|def(CONF_WATCHASYNC_EDGDETECTVIAPOLLING))&def(CONF_WATCHASYNC_PC)&!def(CONF_WATCHASYNC_EDGDETECTVIAPOLLING)))&def(CONF_WATCHASYNC_PC)&((def(CONF_WATCHASYNC_PC)&!def(CONF_WATCHASYNC_EDGDETECTVIAPOLLING))|(def(CONF_WATCHASYNC_PD)&!def(CONF_WATCHASYNC_EDGDETECTVIAPOLLING))|(def(CONF_WATCHASYNC_PB)&!def(CONF_WATCHASYNC_EDGDETECTVIAPOLLING))|(def(CONF_WATCHASYNC_PA)&!def(CONF_WATCHASYNC_EDGDETECTVIAPOLLING)))&!def(CONF_WATCHASYNC_EDGDETECTVIAPOLLING)),True
(def(USB_HID_KEYBOARD_SEQUENCE_SUPPORT)&def(USB_KEYBOARD_SUPPORT)),def(USB_KEYBOARD_SUPPORT)
True,(!def(VFS_TEENSY)&def(ETHERNET_SUPPORT))
(!def(CONF_WATCHASYNC_EDGDETECTVIAPOLLING)&((def(CONF_WATCHASYNC_PC)&!def(CONF_WATCHASYNC_EDGDETECTVIAPOLLING))|(def(CONF_WATCHASYNC_PD)&!def(CONF_WATCHASYNC_EDGDETECTVIAPOLLING))|(def(CONF_WATCHASYNC_PB)&!def(CONF_WATCHASYNC_EDGDETECTVIAPOLLING))|(def(CONF_WATCHASYNC_PA)&!def(CONF_WATCHASYNC_EDGDETECTVIAPOLLING)))&!def(CONF_WATCHASYNC_SUMMARIZE)),True
