True,_mosquitto_log_printf,exclusion,Function,3
True,qos,additon,Variable,3
True,mqtt3_context_cleanup,exclusion,Function,3
True,db,additon,Variable,3
True,stored,additon,Variable,3
True,context,additon,Variable,3
True,retain,additon,Variable,3
True,mid,additon,Variable,3
