True,def(DEBUG)
